cycle_id,model,architecture,profile,nodes,decision,threshold,local_latency_ms,offload_latency_ms,total_latency_ms,rtt_ms,throughput_fps,local_power_mw,offload_power_mw,effective_power_mw,accuracy_step
1,snn,nsson,jetson_emulator,300,offload,0.5034608783078597,53.7838,39.5439,39.5439,42.8624,37.8716,112.06483125000001,112.06483125000001,123.0906,89.8921
2,snn,nsson,jetson_emulator,300,offload,0.5032404664613879,52.8584,38.8665,38.8665,41.7379,37.9313,112.06483125000001,112.06483125000001,123.2013,90.0194
3,snn,nsson,jetson_emulator,300,offload,0.512959222476297,53.6722,37.9516,37.9516,41.0567,38.0123,112.06483125000001,112.06483125000001,123.312,89.9818
4,snn,nsson,jetson_emulator,300,offload,0.5060827813684662,53.1522,38.0524,38.0524,41.2688,38.0034,112.06483125000001,112.06483125000001,123.4227,89.9409
5,snn,nsson,jetson_emulator,300,offload,0.5059881953702564,52.9347,38.3359,38.3359,41.1669,37.9783,112.06483125000001,112.06483125000001,123.5334,89.9924
6,snn,nsson,jetson_emulator,300,offload,0.512291832022062,53.0972,38.1802,38.1802,41.94,37.9921,112.06483125000001,112.06483125000001,123.644,90.0497
7,snn,nsson,jetson_emulator,300,offload,0.5106538509615058,53.3294,40.7019,40.7019,44.3751,37.7699,112.06483125000001,112.06483125000001,123.7547,89.9556
8,snn,nsson,jetson_emulator,300,offload,0.5066787952186822,53.7659,38.8048,38.8048,42.4123,37.9368,112.06483125000001,112.06483125000001,123.8654,89.9427
9,snn,nsson,jetson_emulator,300,offload,0.5023894980559012,53.4254,38.5932,38.5932,41.0896,37.9555,112.06483125000001,112.06483125000001,123.9761,90.0612
10,snn,nsson,jetson_emulator,300,offload,0.49599526218533424,53.4845,38.676,38.676,42.1659,37.9482,112.06483125000001,112.06483125000001,124.0868,89.9821
11,snn,nsson,jetson_emulator,300,local,0.4996995736551605,54.1819,38.6214,54.1819,57.5612,35.5582,112.06483125000001,112.06483125000001,133.6701,89.9672
12,snn,nsson,jetson_emulator,300,offload,0.4895729701126788,53.6204,38.9845,38.9845,42.4503,37.9209,112.06483125000001,112.06483125000001,124.3081,89.9151
13,snn,nsson,jetson_emulator,300,offload,0.4958175888846459,54.1132,38.9328,38.9328,42.3312,37.9255,112.06483125000001,112.06483125000001,124.4188,89.9509
14,snn,nsson,jetson_emulator,300,offload,0.5042248177826659,53.9295,39.2925,39.2925,42.4799,37.8937,112.06483125000001,112.06483125000001,124.5295,89.9753
15,snn,nsson,jetson_emulator,300,offload,0.5072395309287452,55.2122,39.0383,39.0383,41.5557,37.9162,112.06483125000001,112.06483125000001,124.6402,89.8929
16,snn,nsson,jetson_emulator,300,offload,0.5117555856679954,54.512,38.7388,38.7388,41.7931,37.9426,112.06483125000001,112.06483125000001,124.7509,89.963
17,snn,nsson,jetson_emulator,300,local,0.5208647775354035,54.4713,39.0007,54.4713,57.6584,35.5351,112.06483125000001,112.06483125000001,134.3849,90.0982
18,snn,nsson,jetson_emulator,300,local,0.5256425566986734,54.3125,40.1979,54.3125,57.4438,35.5478,112.06483125000001,112.06483125000001,134.504,89.9557
19,snn,nsson,jetson_emulator,300,offload,0.5200162635470726,54.6211,39.6695,39.6695,43.8021,37.8605,112.06483125000001,112.06483125000001,125.0829,89.9482
20,snn,nsson,jetson_emulator,300,offload,0.5181842263028685,54.6786,39.777,39.777,42.6704,37.8511,112.06483125000001,112.06483125000001,125.1936,89.9754
21,snn,nsson,jetson_emulator,300,local,0.516074603874243,54.8792,39.5408,54.8792,57.5354,35.5025,112.06483125000001,112.06483125000001,134.8614,89.9161
22,snn,nsson,jetson_emulator,300,local,0.5215722747844966,54.877,41.0072,54.877,58.7292,35.5027,112.06483125000001,112.06483125000001,134.9805,89.8736
23,snn,nsson,jetson_emulator,300,offload,0.5184008734434203,54.8747,40.7356,40.7356,43.273,37.7669,112.06483125000001,112.06483125000001,125.5256,89.9991
24,snn,nsson,jetson_emulator,300,local,0.5199072331248686,54.8461,39.2882,54.8461,58.0449,35.5052,112.06483125000001,112.06483125000001,135.2187,89.9333
25,snn,nsson,jetson_emulator,300,local,0.5160124320065881,54.947,39.8642,54.947,57.6302,35.4971,112.06483125000001,112.06483125000001,135.3379,89.9912
26,snn,nsson,jetson_emulator,300,local,0.5295370907650966,55.3558,40.5109,55.3558,58.5354,35.4646,112.06483125000001,112.06483125000001,135.457,89.9643
27,snn,nsson,jetson_emulator,300,offload,0.5341180613829559,55.1492,39.5064,39.5064,42.9479,37.8749,112.06483125000001,112.06483125000001,125.9684,89.993
28,snn,nsson,jetson_emulator,300,offload,0.5395761248688747,55.5543,40.3189,40.3189,42.9537,37.8035,112.06483125000001,112.06483125000001,126.079,89.9554
29,snn,nsson,jetson_emulator,300,local,0.5495314464917127,55.8211,40.7074,55.8211,59.6234,35.4276,112.06483125000001,112.06483125000001,135.8144,90.0273
30,snn,nsson,jetson_emulator,300,offload,0.5418340425860706,55.8732,39.7551,39.7551,43.1288,37.853,112.06483125000001,112.06483125000001,126.3004,89.9486
31,snn,nsson,jetson_emulator,300,offload,0.5406122700445789,55.8761,40.8817,40.8817,43.8719,37.7541,112.06483125000001,112.06483125000001,126.4111,89.9457
32,snn,nsson,jetson_emulator,300,offload,0.5370716573789941,55.9862,40.8411,40.8411,43.9667,37.7577,112.06483125000001,112.06483125000001,126.5218,89.9662
33,snn,nsson,jetson_emulator,300,local,0.5379474431252105,56.0018,39.798,56.0018,58.9883,35.4133,112.06483125000001,112.06483125000001,136.2909,89.979
34,snn,nsson,jetson_emulator,300,offload,0.5310052340986426,56.196,40.7692,40.7692,43.3026,37.764,112.06483125000001,112.06483125000001,126.7431,90.0687
35,snn,nsson,jetson_emulator,300,offload,0.5411753188517796,55.8447,40.8408,40.8408,44.8251,37.7577,112.06483125000001,112.06483125000001,126.8538,89.9467
36,snn,nsson,jetson_emulator,300,offload,0.5397051795416764,55.8739,40.6669,40.6669,44.0032,37.7729,112.06483125000001,112.06483125000001,126.9645,89.9687
37,snn,nsson,jetson_emulator,300,offload,0.545884760580231,56.1133,40.6938,40.6938,43.8159,37.7706,112.06483125000001,112.06483125000001,127.0752,89.9864
38,snn,nsson,jetson_emulator,300,local,0.5407960447904889,56.5291,40.2526,56.5291,59.597,35.3715,112.06483125000001,112.06483125000001,136.8865,89.88
39,snn,nsson,jetson_emulator,300,offload,0.5447547118156787,56.0926,40.6448,40.6448,43.9002,37.7749,112.06483125000001,112.06483125000001,127.2965,89.9713
40,snn,nsson,jetson_emulator,300,local,0.547221693510652,56.4322,41.2499,56.4322,59.5517,35.3792,112.06483125000001,112.06483125000001,137.1247,89.9695
41,snn,nsson,jetson_emulator,300,offload,0.5529954649908962,56.2183,40.6092,40.6092,43.5193,37.778,112.06483125000001,112.06483125000001,127.5179,89.9045
42,snn,nsson,jetson_emulator,300,offload,0.5521808614192312,56.6804,40.3046,40.3046,42.7585,37.8047,112.06483125000001,112.06483125000001,127.6286,89.8154
43,snn,nsson,jetson_emulator,300,offload,0.5489017953026992,57.2103,40.9564,40.9564,43.7171,37.7476,112.06483125000001,112.06483125000001,127.7393,89.9189
44,snn,nsson,jetson_emulator,300,local,0.5510671852965086,56.4607,40.8812,56.4607,60.098,35.3769,112.06483125000001,112.06483125000001,137.6012,89.9788
45,snn,nsson,jetson_emulator,300,offload,0.5599282882532503,56.5964,40.4432,40.4432,43.894,37.7926,112.06483125000001,112.06483125000001,127.9606,90.0283
46,snn,nsson,jetson_emulator,300,local,0.5605647845899483,57.8298,40.8249,57.8298,60.8155,35.2689,112.06483125000001,112.06483125000001,137.8395,89.9305
47,snn,nsson,jetson_emulator,300,offload,0.5573955812246073,56.6678,41.4051,41.4051,43.6264,37.7084,112.06483125000001,112.06483125000001,128.182,90.0712
48,snn,nsson,jetson_emulator,300,local,0.5609782589679605,56.954,40.8157,56.954,60.34,35.3379,112.06483125000001,112.06483125000001,138.0777,89.9118
49,snn,nsson,jetson_emulator,300,offload,0.5674370723014583,57.1098,40.6407,40.6407,43.6351,37.7752,112.06483125000001,112.06483125000001,128.4034,89.9606
50,snn,nsson,jetson_emulator,300,offload,0.5636187651534176,57.454,40.9072,40.9072,44.2369,37.7519,112.06483125000001,112.06483125000001,128.514,89.9506
51,snn,nsson,jetson_emulator,300,local,0.5668399787917306,56.9928,40.7672,56.9928,60.3843,35.3348,112.06483125000001,112.06483125000001,138.4351,89.9916
52,snn,nsson,jetson_emulator,300,offload,0.5602742494691763,57.4848,40.9149,40.9149,44.6324,37.7512,112.06483125000001,112.06483125000001,128.7354,90.0376
53,snn,nsson,jetson_emulator,300,offload,0.5572752398899301,57.4072,41.0214,41.0214,44.0686,37.7419,112.06483125000001,112.06483125000001,128.8461,89.9438
54,snn,nsson,jetson_emulator,300,local,0.558599206296332,57.3744,41.2137,57.3744,60.316,35.3047,112.06483125000001,112.06483125000001,138.7925,90.0516
55,snn,nsson,jetson_emulator,300,offload,0.559273899550527,57.1491,41.0556,41.0556,44.0591,37.7389,112.06483125000001,112.06483125000001,129.0675,89.8909
56,snn,nsson,jetson_emulator,300,offload,0.557589106295397,58.3283,41.0775,41.0775,44.6842,37.737,112.06483125000001,112.06483125000001,129.1781,89.9935
57,snn,nsson,jetson_emulator,300,offload,0.5614629727030691,58.3649,40.9331,40.9331,44.6589,37.7496,112.06483125000001,112.06483125000001,129.2888,89.9651
58,snn,nsson,jetson_emulator,300,offload,0.5531543443827249,57.6487,41.8045,41.8045,44.6091,37.6736,112.06483125000001,112.06483125000001,129.3995,89.9495
59,snn,nsson,jetson_emulator,300,offload,0.5554981763353589,57.5425,41.6401,41.6401,44.0804,37.6879,112.06483125000001,112.06483125000001,129.5102,89.9097
60,snn,nsson,jetson_emulator,300,local,0.5468872269226823,57.4059,41.7749,57.4059,60.7879,35.3023,112.06483125000001,112.06483125000001,139.5072,89.8946
61,snn,nsson,jetson_emulator,300,local,0.5580796391410183,57.8111,41.373,57.8111,60.2148,35.2703,112.06483125000001,112.06483125000001,139.6263,90.0884
62,snn,nsson,jetson_emulator,300,offload,0.5579996832187437,58.0388,41.2475,41.2475,44.3101,37.7222,112.06483125000001,112.06483125000001,129.8422,89.9398
63,snn,nsson,jetson_emulator,300,offload,0.5578969809508014,57.9515,41.9945,41.9945,46.4232,37.657,112.06483125000001,112.06483125000001,129.9529,89.9858
64,snn,nsson,jetson_emulator,300,offload,0.5509274122085803,58.3635,41.8532,41.8532,44.4455,37.6693,112.06483125000001,112.06483125000001,130.0636,90.0286
65,snn,nsson,jetson_emulator,300,offload,0.54541997283246,57.7619,41.9589,41.9589,44.8116,37.6601,112.06483125000001,112.06483125000001,130.1743,89.9033
66,snn,nsson,jetson_emulator,300,offload,0.5351800983624359,58.3456,41.4522,41.4522,44.8247,37.7043,112.06483125000001,112.06483125000001,130.285,89.9295
67,snn,nsson,jetson_emulator,300,offload,0.5391917645535225,57.9708,41.9702,41.9702,46.0548,37.6591,112.06483125000001,112.06483125000001,130.3956,90.0123
68,snn,nsson,jetson_emulator,300,local,0.5289712995514082,58.1534,41.6664,58.1534,61.3278,35.2434,112.06483125000001,112.06483125000001,140.4602,89.91
69,snn,nsson,jetson_emulator,300,offload,0.5265311823814023,58.0602,42.8783,42.8783,45.4638,37.5802,112.06483125000001,112.06483125000001,130.617,89.9766
70,snn,nsson,jetson_emulator,300,local,0.5289793653741285,58.2697,43.2439,58.2697,61.8015,35.2343,112.06483125000001,112.06483125000001,140.6984,89.9992
71,snn,nsson,jetson_emulator,300,local,0.5311793694889868,57.9733,42.0625,57.9733,61.0431,35.2576,112.06483125000001,112.06483125000001,140.8176,89.9015
72,snn,nsson,jetson_emulator,300,offload,0.5358870631801211,57.944,42.019,42.019,44.9588,37.6549,112.06483125000001,112.06483125000001,130.949,89.9519
73,snn,nsson,jetson_emulator,300,offload,0.5355671353455879,58.4689,41.4714,41.4714,44.4134,37.7026,112.06483125000001,112.06483125000001,131.0597,89.9477
74,snn,nsson,jetson_emulator,300,offload,0.541129451018343,58.356,42.1202,42.1202,45.9727,37.6461,112.06483125000001,112.06483125000001,131.1704,90.0204
75,snn,nsson,jetson_emulator,300,offload,0.5442271282873257,58.1415,42.3821,42.3821,46.123,37.6233,112.06483125000001,112.06483125000001,131.2811,89.9919
76,snn,nsson,jetson_emulator,300,offload,0.5454356525028559,58.3883,41.532,41.532,44.4893,37.6973,112.06483125000001,112.06483125000001,131.3918,89.9214
77,snn,nsson,jetson_emulator,300,offload,0.5486835511313558,59.2443,42.863,42.863,46.8216,37.5815,112.06483125000001,112.06483125000001,131.5025,89.933
78,snn,nsson,jetson_emulator,300,local,0.5447523326564099,58.1257,41.9245,58.1257,61.8884,35.2456,112.06483125000001,112.06483125000001,141.6514,90.0642
79,snn,nsson,jetson_emulator,300,offload,0.5499614578328013,58.0951,42.2217,42.2217,45.0435,37.6372,112.06483125000001,112.06483125000001,131.7238,90.0297
80,snn,nsson,jetson_emulator,300,local,0.5482560536566761,58.1876,41.9314,58.1876,61.5391,35.2408,112.06483125000001,112.06483125000001,141.8897,90.0084
81,snn,nsson,jetson_emulator,300,local,0.5460364867213975,58.5057,42.4276,58.5057,62.3936,35.2158,112.06483125000001,112.06483125000001,142.0088,89.8662
82,snn,nsson,jetson_emulator,300,offload,0.5464363350721496,58.2916,42.2503,42.2503,45.8125,37.6347,112.06483125000001,112.06483125000001,132.0559,89.9493
83,snn,nsson,jetson_emulator,300,local,0.5479855637372678,59.7998,42.1782,59.7998,63.4876,35.1146,112.06483125000001,112.06483125000001,142.247,90.0029
84,snn,nsson,jetson_emulator,300,offload,0.5548302075194488,58.3445,41.8691,41.8691,44.9078,37.6679,112.06483125000001,112.06483125000001,132.2772,89.9594
85,snn,nsson,jetson_emulator,300,offload,0.5497234303542897,58.2037,41.8168,41.8168,44.9022,37.6725,112.06483125000001,112.06483125000001,132.3879,89.9769
86,snn,nsson,jetson_emulator,300,offload,0.5520025570948904,59.0502,41.9293,41.9293,45.2759,37.6627,112.06483125000001,112.06483125000001,132.4986,89.9947
87,snn,nsson,jetson_emulator,300,offload,0.5494032269750482,58.4249,42.8008,42.8008,46.1749,37.5869,112.06483125000001,112.06483125000001,132.6093,89.9191
88,snn,nsson,jetson_emulator,300,offload,0.5484328899579065,58.9581,42.2722,42.2722,45.8646,37.6328,112.06483125000001,112.06483125000001,132.72,89.9366
89,snn,nsson,jetson_emulator,300,local,0.5420672872992968,58.3763,42.208,58.3763,61.7277,35.2259,112.06483125000001,112.06483125000001,142.9618,89.9687
90,snn,nsson,jetson_emulator,300,offload,0.5462540267503087,59.1567,41.6984,41.6984,45.0531,37.6828,112.06483125000001,112.06483125000001,132.9413,89.8322
91,snn,nsson,jetson_emulator,300,offload,0.5380204336746824,58.6706,41.8558,41.8558,44.6623,37.6691,112.06483125000001,112.06483125000001,133.052,90.012
92,snn,nsson,jetson_emulator,300,offload,0.5395556848083999,58.6135,41.6417,41.6417,44.3301,37.6877,112.06483125000001,112.06483125000001,133.1627,89.9379
93,snn,nsson,jetson_emulator,300,local,0.5379812644620426,58.6232,42.3003,58.6232,60.9553,35.2066,112.06483125000001,112.06483125000001,143.4383,90.0287
94,snn,nsson,jetson_emulator,300,local,0.5295316391083078,58.597,42.3027,58.597,61.329,35.2086,112.06483125000001,112.06483125000001,143.5574,90.1131
95,snn,nsson,jetson_emulator,300,local,0.5246166488851368,58.9426,41.6584,58.9426,62.5918,35.1816,112.06483125000001,112.06483125000001,143.6765,89.9923
96,snn,nsson,jetson_emulator,300,offload,0.5166381401510237,58.6999,43.1428,43.1428,46.0489,37.5573,112.06483125000001,112.06483125000001,133.6054,89.939
97,snn,nsson,jetson_emulator,300,offload,0.523446452869884,58.3653,42.5202,42.5202,45.6846,37.6113,112.06483125000001,112.06483125000001,133.7161,90.0165
98,snn,nsson,jetson_emulator,300,local,0.5213011260408557,58.2114,42.4777,58.2114,61.5673,35.2389,112.06483125000001,112.06483125000001,144.0339,89.9651
99,snn,nsson,jetson_emulator,300,offload,0.5208735179321794,58.9918,41.7955,41.7955,44.66,37.6743,112.06483125000001,112.06483125000001,133.9375,90.0041
100,snn,nsson,jetson_emulator,300,offload,0.5261394665746866,59.1696,41.6207,41.6207,44.7114,37.6896,112.06483125000001,112.06483125000001,134.0481,89.922
101,snn,nsson,jetson_emulator,300,offload,0.522173734513007,59.4158,42.7808,42.7808,45.5203,37.5887,112.06483125000001,112.06483125000001,134.1588,89.8893
102,snn,nsson,jetson_emulator,300,offload,0.5232873395733658,58.8407,41.6601,41.6601,44.6002,37.6861,112.06483125000001,112.06483125000001,134.2695,89.9348
103,snn,nsson,jetson_emulator,300,offload,0.5250073159706039,58.8769,42.7667,42.7667,45.649,37.5899,112.06483125000001,112.06483125000001,134.3802,90.0224
104,snn,nsson,jetson_emulator,300,offload,0.5264873685314414,58.6293,41.8099,41.8099,45.0793,37.6731,112.06483125000001,112.06483125000001,134.4909,90.0062
105,snn,nsson,jetson_emulator,300,offload,0.5234206508647977,59.4098,42.2313,42.2313,45.1284,37.6364,112.06483125000001,112.06483125000001,134.6016,89.8802
106,snn,nsson,jetson_emulator,300,local,0.5159009840734778,58.1856,41.6908,58.1856,60.9119,35.2409,112.06483125000001,112.06483125000001,144.9869,89.9252
107,snn,nsson,jetson_emulator,300,offload,0.5094202518936998,58.4708,43.0178,43.0178,45.7424,37.5681,112.06483125000001,112.06483125000001,134.8229,89.993
108,snn,nsson,jetson_emulator,300,offload,0.5086362278932509,58.5224,42.2234,42.2234,44.6424,37.6371,112.06483125000001,112.06483125000001,134.9336,89.9643
109,snn,nsson,jetson_emulator,300,offload,0.5096981981329342,58.3235,43.1873,43.1873,46.6055,37.5534,112.06483125000001,112.06483125000001,135.0443,89.9763
110,snn,nsson,jetson_emulator,300,offload,0.5066210502678138,58.5388,41.9536,41.9536,44.9171,37.6606,112.06483125000001,112.06483125000001,135.155,89.9874
111,snn,nsson,jetson_emulator,300,offload,0.497075607883237,58.4813,41.8692,41.8692,45.0413,37.6679,112.06483125000001,112.06483125000001,135.2656,89.9464
112,snn,nsson,jetson_emulator,300,offload,0.4949681145924709,58.3467,41.8054,41.8054,44.9829,37.6735,112.06483125000001,112.06483125000001,135.3763,89.9863
113,snn,nsson,jetson_emulator,300,offload,0.49191115546276265,58.8586,41.5048,41.5048,43.9116,37.6997,112.06483125000001,112.06483125000001,135.487,89.9443
114,snn,nsson,jetson_emulator,300,offload,0.48978358763269236,58.1475,41.6397,41.6397,44.4955,37.6879,112.06483125000001,112.06483125000001,135.5977,89.9851
115,snn,nsson,jetson_emulator,300,offload,0.4879399262685639,59.2482,42.2603,42.2603,45.5521,37.6339,112.06483125000001,112.06483125000001,135.7084,89.912
116,snn,nsson,jetson_emulator,300,offload,0.4915935989725788,58.5108,41.6461,41.6461,44.4958,37.6874,112.06483125000001,112.06483125000001,135.8191,89.9571
117,snn,nsson,jetson_emulator,300,local,0.4912230535513317,58.4577,42.2022,58.4577,61.9681,35.2196,112.06483125000001,112.06483125000001,146.2973,89.9034
118,snn,nsson,jetson_emulator,300,offload,0.4850854869317644,59.2926,41.7763,41.7763,45.4145,37.676,112.06483125000001,112.06483125000001,136.0404,90.0032
119,snn,nsson,jetson_emulator,300,offload,0.487141896509463,58.4448,41.5098,41.5098,45.1705,37.6993,112.06483125000001,112.06483125000001,136.1511,89.9909
120,snn,nsson,jetson_emulator,300,offload,0.4913326713789865,58.5423,41.4282,41.4282,44.9936,37.7064,112.06483125000001,112.06483125000001,136.2618,90.0339
121,snn,nsson,jetson_emulator,300,offload,0.49311580894779933,58.3341,41.8041,41.8041,45.0288,37.6736,112.06483125000001,112.06483125000001,136.3725,90.0327
122,snn,nsson,jetson_emulator,300,offload,0.4986826054774797,58.4755,41.6069,41.6069,44.4616,37.6908,112.06483125000001,112.06483125000001,136.4831,89.9744
123,snn,nsson,jetson_emulator,300,offload,0.4963484677468638,57.9659,41.9786,41.9786,44.4067,37.6584,112.06483125000001,112.06483125000001,136.5938,89.908
124,snn,nsson,jetson_emulator,300,offload,0.5054379553790295,57.8761,41.6654,41.6654,44.6374,37.6857,112.06483125000001,112.06483125000001,136.7045,89.9243
125,snn,nsson,jetson_emulator,300,offload,0.5028405496512354,58.1823,42.1971,42.1971,45.2843,37.6394,112.06483125000001,112.06483125000001,136.8152,89.9313
126,snn,nsson,jetson_emulator,300,offload,0.5058249023644233,58.5939,41.3841,41.3841,43.4714,37.7102,112.06483125000001,112.06483125000001,136.9259,90.0712
127,snn,nsson,jetson_emulator,300,offload,0.5075702216443894,57.6531,41.6087,41.6087,44.5438,37.6906,112.06483125000001,112.06483125000001,137.0366,89.8461
128,snn,nsson,jetson_emulator,300,offload,0.5022640240895471,58.2627,42.0321,42.0321,44.8718,37.6537,112.06483125000001,112.06483125000001,137.1472,90.0439
129,snn,nsson,jetson_emulator,300,offload,0.5024944691580717,58.1448,41.5224,41.5224,44.5526,37.6982,112.06483125000001,112.06483125000001,137.2579,89.9293
130,snn,nsson,jetson_emulator,300,offload,0.49584203466056087,58.568,41.6904,41.6904,45.2393,37.6835,112.06483125000001,112.06483125000001,137.3686,89.9186
131,snn,nsson,jetson_emulator,300,local,0.49926879900745014,57.5353,41.8776,57.5353,60.6882,35.2921,112.06483125000001,112.06483125000001,147.965,89.9727
132,snn,nsson,jetson_emulator,300,offload,0.5013172217986247,57.6588,41.469,41.469,43.8953,37.7028,112.06483125000001,112.06483125000001,137.59,90.018
133,snn,nsson,jetson_emulator,300,local,0.49976145314991166,57.7346,41.3381,57.7346,60.9175,35.2764,112.06483125000001,112.06483125000001,148.2032,89.9831
134,snn,nsson,jetson_emulator,300,offload,0.5018826082802709,58.3015,42.1975,42.1975,45.2038,37.6393,112.06483125000001,112.06483125000001,137.8113,90.0404
135,snn,nsson,jetson_emulator,300,offload,0.4980329591566709,57.3244,41.5526,41.5526,45.5496,37.6955,112.06483125000001,112.06483125000001,137.922,90.021
136,snn,nsson,jetson_emulator,300,offload,0.4960820832646913,58.185,41.5733,41.5733,44.765,37.6937,112.06483125000001,112.06483125000001,138.0327,89.9784
137,snn,nsson,jetson_emulator,300,local,0.5058144633117655,57.2762,41.8447,57.2762,60.7575,35.3125,112.06483125000001,112.06483125000001,148.6797,89.876
138,snn,nsson,jetson_emulator,300,offload,0.503481594694074,57.1727,41.5219,41.5219,45.1497,37.6982,112.06483125000001,112.06483125000001,138.2541,89.9847
139,snn,nsson,jetson_emulator,300,offload,0.511048227720079,57.5466,41.2533,41.2533,44.4739,37.7216,112.06483125000001,112.06483125000001,138.3647,90.0263
140,snn,nsson,jetson_emulator,300,local,0.5167036881368137,57.8243,41.3346,57.8243,61.4802,35.2693,112.06483125000001,112.06483125000001,149.0371,89.8984
141,snn,nsson,jetson_emulator,300,offload,0.5232009534607167,57.1809,40.9133,40.9133,44.3382,37.7514,112.06483125000001,112.06483125000001,138.5861,89.9968
142,snn,nsson,jetson_emulator,300,local,0.5290409352244895,57.341,41.3532,57.341,60.9447,35.3074,112.06483125000001,112.06483125000001,149.2754,89.8884
143,snn,nsson,jetson_emulator,300,local,0.5297292904534554,58.5778,43.3028,58.5778,62.0004,35.2101,112.06483125000001,112.06483125000001,149.3945,90.038
144,snn,nsson,jetson_emulator,300,offload,0.5182420395875708,57.9096,40.9604,40.9604,44.1369,37.7473,112.06483125000001,112.06483125000001,138.9181,89.9872
145,snn,nsson,jetson_emulator,300,offload,0.5226053993864292,57.5284,40.8713,40.8713,43.9649,37.7551,112.06483125000001,112.06483125000001,139.0288,89.9838
146,snn,nsson,jetson_emulator,300,offload,0.511013568753368,56.9638,40.7753,40.7753,44.365,37.7635,112.06483125000001,112.06483125000001,139.1395,89.9006
147,snn,nsson,jetson_emulator,300,offload,0.5012933255284421,57.184,40.7008,40.7008,44.0554,37.77,112.06483125000001,112.06483125000001,139.2502,89.8425
148,snn,nsson,jetson_emulator,300,local,0.5078364000459517,56.8662,40.6821,56.8662,59.5512,35.3448,112.06483125000001,112.06483125000001,149.9901,89.9325
149,snn,nsson,jetson_emulator,300,offload,0.5103336354087691,57.1736,41.205,41.205,44.6096,37.7259,112.06483125000001,112.06483125000001,139.4716,89.9975
150,snn,nsson,jetson_emulator,300,local,0.4998025477580992,57.3443,41.0567,57.3443,60.7874,35.3071,112.06483125000001,112.06483125000001,150.2283,89.9286
151,snn,nsson,jetson_emulator,300,offload,0.4992257088329012,57.4355,40.7272,40.7272,44.3199,37.7677,112.06483125000001,112.06483125000001,139.6929,89.9525
152,snn,nsson,jetson_emulator,300,local,0.5005855455146887,57.0295,41.7373,57.0295,60.4969,35.332,112.06483125000001,112.06483125000001,150.4666,89.9855
153,snn,nsson,jetson_emulator,300,local,0.5128087520539971,56.6244,40.7169,56.6244,60.3041,35.364,112.06483125000001,112.06483125000001,150.5857,89.9687
154,snn,nsson,jetson_emulator,300,offload,0.5228295006767524,56.9574,41.3109,41.3109,44.3094,37.7166,112.06483125000001,112.06483125000001,140.025,90.0116
155,snn,nsson,jetson_emulator,300,offload,0.5131562092336324,56.7433,41.2515,41.2515,43.6632,37.7218,112.06483125000001,112.06483125000001,140.1356,89.8796
156,snn,nsson,jetson_emulator,300,offload,0.5253429307652483,57.6866,40.5764,40.5764,43.5384,37.7809,112.06483125000001,112.06483125000001,140.2463,89.8941
157,snn,nsson,jetson_emulator,300,offload,0.5272972782761427,57.2264,40.7055,40.7055,44.3466,37.7696,112.06483125000001,112.06483125000001,140.357,89.9329
158,snn,nsson,jetson_emulator,300,offload,0.5327314906578814,56.7237,41.0168,41.0168,43.9513,37.7423,112.06483125000001,112.06483125000001,140.4677,90.0922
159,snn,nsson,jetson_emulator,300,offload,0.5278680543002625,56.4617,40.3125,40.3125,43.7253,37.804,112.06483125000001,112.06483125000001,140.5784,89.8867
160,snn,nsson,jetson_emulator,300,offload,0.5304437860911752,56.8066,40.2897,40.2897,44.0171,37.806,112.06483125000001,112.06483125000001,140.6891,90.0032
161,snn,nsson,jetson_emulator,300,offload,0.5319110150399765,57.5504,40.9555,40.9555,44.3118,37.7477,112.06483125000001,112.06483125000001,140.7997,90.0127
162,snn,nsson,jetson_emulator,300,local,0.5389750162634401,56.3356,40.5324,56.3356,59.8546,35.3868,112.06483125000001,112.06483125000001,151.6578,90.0612
163,snn,nsson,jetson_emulator,300,local,0.5400682960636976,56.3691,40.313,56.3691,59.9639,35.3842,112.06483125000001,112.06483125000001,151.777,90.0032
164,snn,nsson,jetson_emulator,300,local,0.5409898429773465,57.6498,41.4502,57.6498,61.0798,35.283,112.06483125000001,112.06483125000001,151.8961,89.9762
165,snn,nsson,jetson_emulator,300,offload,0.5441392697941363,56.7563,41.8134,41.8134,45.1046,37.6728,112.06483125000001,112.06483125000001,141.2425,89.9523
166,snn,nsson,jetson_emulator,300,offload,0.5407405766571316,56.2019,40.4539,40.4539,43.3471,37.7916,112.06483125000001,112.06483125000001,141.3531,89.9922
167,snn,nsson,jetson_emulator,300,local,0.5478400672594563,56.4983,40.3573,56.4983,60.1452,35.3739,112.06483125000001,112.06483125000001,152.2534,89.9981
168,snn,nsson,jetson_emulator,300,local,0.5596884951877976,56.4708,41.001,56.4708,59.2408,35.3761,112.06483125000001,112.06483125000001,152.3726,89.965
169,snn,nsson,jetson_emulator,300,offload,0.5581509429746437,56.1864,41.7822,41.7822,44.6166,37.6755,112.06483125000001,112.06483125000001,141.6852,89.9675
170,snn,nsson,jetson_emulator,300,local,0.5529885765076894,56.3854,40.9096,56.3854,59.9126,35.3829,112.06483125000001,112.06483125000001,152.6108,90.017
171,snn,nsson,jetson_emulator,300,offload,0.5512499846006861,56.533,41.6693,41.6693,44.8908,37.6853,112.06483125000001,112.06483125000001,141.9066,89.9323
172,snn,nsson,jetson_emulator,300,offload,0.5465332005986094,56.4544,41.384,41.384,44.4627,37.7102,112.06483125000001,112.06483125000001,142.0172,89.8784
173,snn,nsson,jetson_emulator,300,offload,0.5402325609561903,56.6269,40.1455,40.1455,42.592,37.8187,112.06483125000001,112.06483125000001,142.1279,89.9292
174,snn,nsson,jetson_emulator,300,offload,0.5473355021808959,56.0331,40.5703,40.5703,43.872,37.7814,112.06483125000001,112.06483125000001,142.2386,89.922
175,snn,nsson,jetson_emulator,300,local,0.5499380689001906,55.9994,40.3612,55.9994,59.0361,35.4135,112.06483125000001,112.06483125000001,153.2064,90.0213
176,snn,nsson,jetson_emulator,300,offload,0.5440061928125252,55.8924,39.9923,39.9923,42.551,37.8321,112.06483125000001,112.06483125000001,142.46,89.9862
177,snn,nsson,jetson_emulator,300,offload,0.5437869237349413,56.7256,40.5289,40.5289,44.5702,37.785,112.06483125000001,112.06483125000001,142.5707,89.9367
178,snn,nsson,jetson_emulator,300,offload,0.5435159064903445,55.9385,40.4585,40.4585,44.1388,37.7912,112.06483125000001,112.06483125000001,142.6813,90.0034
179,snn,nsson,jetson_emulator,300,offload,0.5506942145613568,56.8425,41.0764,41.0764,44.2688,37.7371,112.06483125000001,112.06483125000001,142.792,89.9935
180,snn,nsson,jetson_emulator,300,local,0.5557024848537658,56.0976,39.9604,56.0976,59.6645,35.4057,112.06483125000001,112.06483125000001,153.8021,89.9963
181,snn,nsson,jetson_emulator,300,local,0.5548447445643587,56.5056,40.2365,56.5056,59.9156,35.3734,112.06483125000001,112.06483125000001,153.9212,89.9461
182,snn,nsson,jetson_emulator,300,offload,0.5531272659915124,55.8705,40.9165,40.9165,43.6354,37.7511,112.06483125000001,112.06483125000001,143.1241,89.9539
183,snn,nsson,jetson_emulator,300,offload,0.5504894340350884,56.9548,41.3204,41.3204,43.9784,37.7158,112.06483125000001,112.06483125000001,143.2347,89.9316
184,snn,nsson,jetson_emulator,300,offload,0.5507614929332071,56.7467,40.648,40.648,43.6586,37.7746,112.06483125000001,112.06483125000001,143.3454,89.9738
185,snn,nsson,jetson_emulator,300,local,0.550261316678523,55.968,40.5664,55.968,59.9426,35.4159,112.06483125000001,112.06483125000001,154.3977,89.9831
186,snn,nsson,jetson_emulator,300,offload,0.5501504074258704,55.8926,40.5333,40.5333,44.1538,37.7847,112.06483125000001,112.06483125000001,143.5668,89.9958
187,snn,nsson,jetson_emulator,300,offload,0.5506204984962438,56.3609,40.8318,40.8318,44.0591,37.7585,112.06483125000001,112.06483125000001,143.6775,89.912
188,snn,nsson,jetson_emulator,300,offload,0.5495538026941024,56.4462,39.8361,39.8361,42.8991,37.8459,112.06483125000001,112.06483125000001,143.7882,89.9395
189,snn,nsson,jetson_emulator,300,offload,0.5533375910205783,55.9959,40.601,40.601,43.226,37.7787,112.06483125000001,112.06483125000001,143.8988,89.9994
190,snn,nsson,jetson_emulator,300,offload,0.558579251011644,55.9713,40.3058,40.3058,43.0123,37.8046,112.06483125000001,112.06483125000001,144.0095,90.0208
191,snn,nsson,jetson_emulator,300,local,0.5617160186449082,56.8434,40.1386,56.8434,60.2193,35.3466,112.06483125000001,112.06483125000001,155.1124,89.9286
192,snn,nsson,jetson_emulator,300,offload,0.5652253348825887,55.8201,40.7281,40.7281,44.4591,37.7676,112.06483125000001,112.06483125000001,144.2309,89.9801
193,snn,nsson,jetson_emulator,300,offload,0.5634921019241143,56.6703,40.8328,40.8328,43.9848,37.7584,112.06483125000001,112.06483125000001,144.3416,90.0847
194,snn,nsson,jetson_emulator,300,local,0.5697633816451859,56.994,40.6498,56.994,60.0588,35.3347,112.06483125000001,112.06483125000001,155.4698,90.0225
195,snn,nsson,jetson_emulator,300,offload,0.5697382823072351,55.8073,40.9753,40.9753,43.0286,37.746,112.06483125000001,112.06483125000001,144.5629,89.9579
196,snn,nsson,jetson_emulator,300,local,0.5597287799971455,55.8266,40.5164,55.8266,59.3107,35.4272,112.06483125000001,112.06483125000001,155.708,90.006
197,snn,nsson,jetson_emulator,300,offload,0.5692121000169901,56.2703,40.7999,40.7999,43.6999,37.7613,112.06483125000001,112.06483125000001,144.7843,89.9758
198,snn,nsson,jetson_emulator,300,offload,0.5717801208985799,55.7754,40.4348,40.4348,43.4785,37.7933,112.06483125000001,112.06483125000001,144.895,89.8897
199,snn,nsson,jetson_emulator,300,local,0.564751904236978,55.7269,40.0982,55.7269,59.144,35.4351,112.06483125000001,112.06483125000001,156.0654,90.0889
200,snn,nsson,jetson_emulator,300,offload,0.5659989885714333,56.405,39.8698,39.8698,43.3517,37.8429,112.06483125000001,112.06483125000001,145.1163,90.0167
201,snn,nsson,jetson_emulator,300,local,0.56348128900437,56.9657,40.0423,56.9657,60.3903,35.337,112.06483125000001,112.06483125000001,156.3037,89.8766
202,snn,nsson,jetson_emulator,300,offload,0.5658358201406719,56.2635,40.1772,40.1772,43.2452,37.8159,112.06483125000001,112.06483125000001,145.3377,89.9538
203,snn,nsson,jetson_emulator,300,offload,0.5608354831635906,56.1756,40.0434,40.0434,43.3765,37.8276,112.06483125000001,112.06483125000001,145.4484,89.9721
204,snn,nsson,jetson_emulator,300,offload,0.5578407149112532,55.8133,41.0692,41.0692,43.7049,37.7377,112.06483125000001,112.06483125000001,145.5591,89.9601
205,snn,nsson,jetson_emulator,300,local,0.5485170156534178,56.1829,40.4343,56.1829,59.2795,35.3989,112.06483125000001,112.06483125000001,156.7802,89.9542
206,snn,nsson,jetson_emulator,300,offload,0.5453170190724191,56.2466,41.0426,41.0426,43.6684,37.7401,112.06483125000001,112.06483125000001,145.7804,89.9522
207,snn,nsson,jetson_emulator,300,offload,0.5437025184382592,55.8904,40.5851,40.5851,43.7702,37.7801,112.06483125000001,112.06483125000001,145.8911,89.9117
208,snn,nsson,jetson_emulator,300,offload,0.545803072646158,56.1963,40.8266,40.8266,43.4228,37.759,112.06483125000001,112.06483125000001,146.0018,90.0035
209,snn,nsson,jetson_emulator,300,offload,0.555195546103177,56.1979,40.9635,40.9635,43.8496,37.747,112.06483125000001,112.06483125000001,146.1125,89.9563
210,snn,nsson,jetson_emulator,300,local,0.5537865812712629,56.8072,40.1809,56.8072,60.0918,35.3495,112.06483125000001,112.06483125000001,157.3758,89.9289
211,snn,nsson,jetson_emulator,300,local,0.5469330656566472,56.0727,40.0871,56.0727,58.8596,35.4076,112.06483125000001,112.06483125000001,157.4949,89.9795
212,snn,nsson,jetson_emulator,300,local,0.5432387726510628,56.2274,40.6242,56.2274,59.3052,35.3954,112.06483125000001,112.06483125000001,157.614,89.9372
213,snn,nsson,jetson_emulator,300,offload,0.5502781100969413,56.9886,40.8432,40.8432,44.3106,37.7575,112.06483125000001,112.06483125000001,146.5552,89.913
214,snn,nsson,jetson_emulator,300,offload,0.5485763455838806,56.3541,41.5834,41.5834,44.4547,37.6928,112.06483125000001,112.06483125000001,146.6659,89.9874
215,snn,nsson,jetson_emulator,300,offload,0.5430569029021328,56.369,40.3281,40.3281,43.7213,37.8027,112.06483125000001,112.06483125000001,146.7766,89.9958
216,snn,nsson,jetson_emulator,300,local,0.5403467670185308,56.8998,40.778,56.8998,60.8915,35.3422,112.06483125000001,112.06483125000001,158.0905,90.0683
217,snn,nsson,jetson_emulator,300,offload,0.5398521045358241,56.513,40.2339,40.2339,43.0613,37.8109,112.06483125000001,112.06483125000001,146.9979,89.934
218,snn,nsson,jetson_emulator,300,offload,0.5376308898046765,56.608,41.3684,41.3684,44.8888,37.7116,112.06483125000001,112.06483125000001,147.1086,89.9755
219,snn,nsson,jetson_emulator,300,offload,0.5222689956141385,56.6112,40.489,40.489,43.736,37.7885,112.06483125000001,112.06483125000001,147.2193,90.0067
220,snn,nsson,jetson_emulator,300,offload,0.5185838418316648,56.4331,40.4929,40.4929,43.5912,37.7882,112.06483125000001,112.06483125000001,147.33,90.1192
221,snn,nsson,jetson_emulator,300,offload,0.5235818021358881,56.9651,41.306,41.306,44.8736,37.717,112.06483125000001,112.06483125000001,147.4407,89.8758
222,snn,nsson,jetson_emulator,300,offload,0.5154948077056165,56.436,40.8853,40.8853,44.3618,37.7538,112.06483125000001,112.06483125000001,147.5513,89.9681
223,snn,nsson,jetson_emulator,300,local,0.516877221192092,56.4811,40.7704,56.4811,59.682,35.3753,112.06483125000001,112.06483125000001,158.9244,89.9508
224,snn,nsson,jetson_emulator,300,offload,0.509297086433981,57.6843,41.6138,41.6138,45.3103,37.6902,112.06483125000001,112.06483125000001,147.7727,90.0791
225,snn,nsson,jetson_emulator,300,local,0.4969764335720414,57.0323,40.7088,57.0323,59.7769,35.3317,112.06483125000001,112.06483125000001,159.1626,89.9849
226,snn,nsson,jetson_emulator,300,offload,0.4949595528816288,56.7408,41.4659,41.4659,44.5205,37.7031,112.06483125000001,112.06483125000001,147.9941,90.052
227,snn,nsson,jetson_emulator,300,offload,0.5050541026878963,57.1822,41.3559,41.3559,44.0812,37.7127,112.06483125000001,112.06483125000001,148.1047,89.973
228,snn,nsson,jetson_emulator,300,offload,0.5025775165623694,57.5907,41.7622,41.7622,45.4059,37.6772,112.06483125000001,112.06483125000001,148.2154,89.9573
229,snn,nsson,jetson_emulator,300,offload,0.5040531239411677,57.3775,41.0018,41.0018,43.8057,37.7436,112.06483125000001,112.06483125000001,148.3261,89.9089
230,snn,nsson,jetson_emulator,300,local,0.49987292599318417,57.0619,41.1041,57.0619,60.8325,35.3294,112.06483125000001,112.06483125000001,159.7582,89.9912
231,snn,nsson,jetson_emulator,300,offload,0.5052194572811541,56.9296,40.8166,40.8166,43.8234,37.7598,112.06483125000001,112.06483125000001,148.5475,89.9914
232,snn,nsson,jetson_emulator,300,local,0.5091797914357751,56.97,40.9913,56.97,59.5681,35.3366,112.06483125000001,112.06483125000001,159.9965,89.9115
233,snn,nsson,jetson_emulator,300,local,0.5206005134984095,57.7063,41.5719,57.7063,60.4026,35.2786,112.06483125000001,112.06483125000001,160.1156,89.9703
234,snn,nsson,jetson_emulator,300,offload,0.5247002864267951,57.5445,41.1445,41.1445,44.4976,37.7312,112.06483125000001,112.06483125000001,148.8795,89.9915
235,snn,nsson,jetson_emulator,300,offload,0.522163135381275,57.1984,41.5813,41.5813,43.9876,37.693,112.06483125000001,112.06483125000001,148.9902,89.9065
236,snn,nsson,jetson_emulator,300,offload,0.5244018375437932,57.2919,41.4675,41.4675,44.6043,37.7029,112.06483125000001,112.06483125000001,149.1009,89.9491
237,snn,nsson,jetson_emulator,300,offload,0.5306263204356507,57.5897,41.86,41.86,44.8753,37.6687,112.06483125000001,112.06483125000001,149.2116,89.9305
238,snn,nsson,jetson_emulator,300,offload,0.5326640222660086,57.7767,41.3906,41.3906,44.8695,37.7097,112.06483125000001,112.06483125000001,149.3223,90.07
239,snn,nsson,jetson_emulator,300,local,0.5423146371498421,57.9168,41.7171,57.9168,61.1404,35.262,112.06483125000001,112.06483125000001,160.8304,89.97
240,snn,nsson,jetson_emulator,300,offload,0.5491363138400398,57.9135,41.9492,41.9492,45.0133,37.6609,112.06483125000001,112.06483125000001,149.5436,89.8987
241,snn,nsson,jetson_emulator,300,offload,0.5595169467801248,58.1529,42.1109,42.1109,45.6974,37.6469,112.06483125000001,112.06483125000001,149.6543,90.0177
242,snn,nsson,jetson_emulator,300,local,0.5587450462574596,58.1089,41.6509,58.1089,61.7517,35.2469,112.06483125000001,112.06483125000001,161.1877,90.0469
243,snn,nsson,jetson_emulator,300,offload,0.5598748247473136,57.9827,41.3372,41.3372,45.4488,37.7143,112.06483125000001,112.06483125000001,149.8757,89.8882
244,snn,nsson,jetson_emulator,300,offload,0.5607716033406337,58.3488,41.591,41.591,45.084,37.6922,112.06483125000001,112.06483125000001,149.9863,90.0031
245,snn,nsson,jetson_emulator,300,offload,0.5575254646252852,58.4443,42.4393,42.4393,45.4264,37.6183,112.06483125000001,112.06483125000001,150.097,89.98
246,snn,nsson,jetson_emulator,300,local,0.5566511722850658,58.545,42.3168,58.545,61.4325,35.2127,112.06483125000001,112.06483125000001,161.6642,89.9589
247,snn,nsson,jetson_emulator,300,offload,0.5658167146588826,58.1214,42.0312,42.0312,45.5172,37.6538,112.06483125000001,112.06483125000001,150.3184,90.0672
248,snn,nsson,jetson_emulator,300,offload,0.5681175048982148,59.4963,41.9557,41.9557,45.6146,37.6604,112.06483125000001,112.06483125000001,150.4291,89.8725
249,snn,nsson,jetson_emulator,300,local,0.5705519912796561,58.6314,41.8629,58.6314,62.3454,35.2059,112.06483125000001,112.06483125000001,162.0216,90.0582
250,snn,nsson,jetson_emulator,300,offload,0.567040480751635,58.5378,42.1763,42.1763,44.9633,37.6412,112.06483125000001,112.06483125000001,150.6504,89.9873
251,snn,nsson,jetson_emulator,300,offload,0.5662996230572805,58.9565,42.1531,42.1531,45.706,37.6432,112.06483125000001,112.06483125000001,150.7611,90.0047
252,snn,nsson,jetson_emulator,300,offload,0.5577030209481014,59.5228,41.9562,41.9562,45.5047,37.6603,112.06483125000001,112.06483125000001,150.8718,89.9694
253,snn,nsson,jetson_emulator,300,local,0.5459446784501009,58.987,42.1252,58.987,62.3761,35.1781,112.06483125000001,112.06483125000001,162.4981,89.9253
254,snn,nsson,jetson_emulator,300,offload,0.5434211346406335,59.0346,43.3145,43.3145,46.0795,37.5424,112.06483125000001,112.06483125000001,151.0932,89.9073
255,snn,nsson,jetson_emulator,300,local,0.53788930784245,59.0567,43.9005,59.0567,62.7887,35.1726,112.06483125000001,112.06483125000001,162.7363,90.0752
256,snn,nsson,jetson_emulator,300,offload,0.5419351410265,59.8327,42.3432,42.3432,45.3758,37.6267,112.06483125000001,112.06483125000001,151.3145,89.9974
257,snn,nsson,jetson_emulator,300,local,0.5451922827742168,59.6356,42.8481,59.6356,62.9857,35.1274,112.06483125000001,112.06483125000001,162.9746,89.9074
258,snn,nsson,jetson_emulator,300,offload,0.5449510351009854,59.5514,43.5365,43.5365,47.2115,37.5232,112.06483125000001,112.06483125000001,151.5359,89.9402
259,snn,nsson,jetson_emulator,300,local,0.5458748655303015,59.6195,43.4815,59.6195,62.3533,35.1287,112.06483125000001,112.06483125000001,163.2128,89.9332
260,snn,nsson,jetson_emulator,300,local,0.554514500144984,60.3147,42.4607,60.3147,63.0663,35.0745,112.06483125000001,112.06483125000001,163.332,89.9025
261,snn,nsson,jetson_emulator,300,offload,0.5550854917682964,60.405,42.9616,42.9616,46.1919,37.573,112.06483125000001,112.06483125000001,151.8679,89.9281
262,snn,nsson,jetson_emulator,300,offload,0.5392127828795494,60.151,43.0325,43.0325,45.9692,37.5668,112.06483125000001,112.06483125000001,151.9786,89.9915
263,snn,nsson,jetson_emulator,300,offload,0.5304583699757698,60.7245,42.9272,42.9272,46.3665,37.576,112.06483125000001,112.06483125000001,152.0893,89.958
264,snn,nsson,jetson_emulator,300,offload,0.536959276112614,60.0404,43.0605,43.0605,46.0049,37.5644,112.06483125000001,112.06483125000001,152.2,89.8916
265,snn,nsson,jetson_emulator,300,offload,0.5342107996684687,60.079,42.9926,42.9926,45.9882,37.5703,112.06483125000001,112.06483125000001,152.3107,90.0036
266,snn,nsson,jetson_emulator,300,offload,0.5298002231347189,60.5943,43.3503,43.3503,46.239,37.5393,112.06483125000001,112.06483125000001,152.4213,89.9028
267,snn,nsson,jetson_emulator,300,local,0.5411028793802619,61.2742,43.7955,61.2742,64.4943,35.0,112.06483125000001,112.06483125000001,164.1658,89.966
268,snn,nsson,jetson_emulator,300,offload,0.5351106094487413,60.4041,43.5558,43.5558,46.5139,37.5216,112.06483125000001,112.06483125000001,152.6427,90.0083
269,snn,nsson,jetson_emulator,300,offload,0.5342050989251427,60.9895,43.3917,43.3917,46.2174,37.5357,112.06483125000001,112.06483125000001,152.7534,89.933
270,snn,nsson,jetson_emulator,300,local,0.5414089478030377,60.8671,44.4765,60.8671,64.5574,35.0316,112.06483125000001,112.06483125000001,164.5232,89.937
271,snn,nsson,jetson_emulator,300,local,0.5386617426810536,60.639,43.4785,60.639,64.4432,35.0493,112.06483125000001,112.06483125000001,164.6423,90.0165
272,snn,nsson,jetson_emulator,300,local,0.5363410306940686,61.0741,43.9911,61.0741,64.7493,35.0155,112.06483125000001,112.06483125000001,164.7614,89.9752
273,snn,nsson,jetson_emulator,300,local,0.5457505776589258,61.3326,43.6688,61.3326,63.4532,34.9955,112.06483125000001,112.06483125000001,164.8806,90.0103
274,snn,nsson,jetson_emulator,300,offload,0.5490628540463719,61.1047,44.783,44.783,48.3758,37.4158,112.06483125000001,112.06483125000001,153.3068,89.9559
275,snn,nsson,jetson_emulator,300,offload,0.5453402992973612,61.1018,44.2283,44.2283,47.5628,37.4635,112.06483125000001,112.06483125000001,153.4175,89.9626
276,snn,nsson,jetson_emulator,300,offload,0.5501131607515365,61.8155,43.8139,43.8139,47.54,37.4993,112.06483125000001,112.06483125000001,153.5282,89.9132
277,snn,nsson,jetson_emulator,300,local,0.5554104310138719,61.9585,45.4649,61.9585,65.8137,34.9471,112.06483125000001,112.06483125000001,165.3571,89.9308
278,snn,nsson,jetson_emulator,300,offload,0.5466113342333211,61.5966,45.053,45.053,47.9938,37.3926,112.06483125000001,112.06483125000001,153.7495,90.0725
279,snn,nsson,jetson_emulator,300,offload,0.5490284890086475,62.258,45.0577,45.0577,48.1646,37.3922,112.06483125000001,112.06483125000001,153.8602,89.9299
280,snn,nsson,jetson_emulator,300,offload,0.5484701698396199,61.7773,45.4306,45.4306,49.0485,37.3602,112.06483125000001,112.06483125000001,153.9709,89.9643
281,snn,nsson,jetson_emulator,300,offload,0.5442576446079335,62.9229,44.615,44.615,47.6831,37.4302,112.06483125000001,112.06483125000001,154.0816,89.8789
282,snn,nsson,jetson_emulator,300,local,0.5480241222304973,62.5653,44.7802,62.5653,65.3399,34.9002,112.06483125000001,112.06483125000001,165.9527,90.0039
283,snn,nsson,jetson_emulator,300,offload,0.5551768485026299,63.1199,44.9858,44.9858,48.3551,37.3983,112.06483125000001,112.06483125000001,154.3029,89.9836
284,snn,nsson,jetson_emulator,300,offload,0.5491452597098015,62.3059,45.0552,45.0552,48.2853,37.3924,112.06483125000001,112.06483125000001,154.4136,89.8455
285,snn,nsson,jetson_emulator,300,local,0.548392287677147,62.9219,44.7089,62.9219,65.7575,34.8728,112.06483125000001,112.06483125000001,166.3101,89.9815
286,snn,nsson,jetson_emulator,300,offload,0.5480935977920561,62.8937,44.6448,44.6448,47.0935,37.4277,112.06483125000001,112.06483125000001,154.635,89.9118
287,snn,nsson,jetson_emulator,300,offload,0.5350723147435718,63.1109,45.3591,45.3591,48.8989,37.3663,112.06483125000001,112.06483125000001,154.7457,89.9361
288,snn,nsson,jetson_emulator,300,local,0.5452592353190184,63.3522,44.9444,63.3522,66.0198,34.8397,112.06483125000001,112.06483125000001,166.6674,89.9238
289,snn,nsson,jetson_emulator,300,local,0.542423892301807,63.2477,45.9348,63.2477,66.4627,34.8478,112.06483125000001,112.06483125000001,166.7865,89.9206
290,snn,nsson,jetson_emulator,300,offload,0.5415057227548982,63.1825,46.2592,46.2592,49.9827,37.2893,112.06483125000001,112.06483125000001,155.0777,89.9839
291,snn,nsson,jetson_emulator,300,local,0.5568014420484132,63.8433,45.7521,63.8433,66.7682,34.8021,112.06483125000001,112.06483125000001,167.0248,89.8722
292,snn,nsson,jetson_emulator,300,offload,0.555001586896543,63.3205,45.6114,45.6114,49.734,37.3447,112.06483125000001,112.06483125000001,155.2991,89.9243
293,snn,nsson,jetson_emulator,300,offload,0.557976608442581,63.3529,45.3326,45.3326,48.3317,37.3686,112.06483125000001,112.06483125000001,155.4098,89.945
294,snn,nsson,jetson_emulator,300,offload,0.5565796867183451,63.4868,45.8074,45.8074,48.934,37.3279,112.06483125000001,112.06483125000001,155.5204,89.9171
295,snn,nsson,jetson_emulator,300,offload,0.5436854492851153,63.5807,45.6757,45.6757,49.3582,37.3392,112.06483125000001,112.06483125000001,155.6311,90.0042
296,snn,nsson,jetson_emulator,300,local,0.5404925503797771,64.1626,45.7084,64.1626,68.0345,34.7776,112.06483125000001,112.06483125000001,167.6204,90.0331
297,snn,nsson,jetson_emulator,300,local,0.5381959347205748,64.1279,46.053,64.1279,67.5385,34.7803,112.06483125000001,112.06483125000001,167.7395,90.003
298,snn,nsson,jetson_emulator,300,local,0.5499533720935919,64.7926,46.7809,64.7926,68.6377,34.7295,112.06483125000001,112.06483125000001,167.8587,90.0414
299,snn,nsson,jetson_emulator,300,offload,0.5580484905284937,64.1396,46.7139,46.7139,50.3919,37.2505,112.06483125000001,112.06483125000001,156.0738,89.9558
300,snn,nsson,jetson_emulator,300,offload,0.5652226335481757,64.2377,46.062,46.062,49.3919,37.3061,112.06483125000001,112.06483125000001,156.1845,89.9636
301,snn,nsson,jetson_emulator,300,local,0.561570043730438,64.5017,46.4949,64.5017,67.6882,34.7517,112.06483125000001,112.06483125000001,168.216,90.0601
302,snn,nsson,jetson_emulator,300,offload,0.5625221449641538,64.8666,46.854,46.854,49.9359,37.2386,112.06483125000001,112.06483125000001,156.4059,89.9812
303,snn,nsson,jetson_emulator,300,offload,0.5643411051623936,64.7258,46.5806,46.5806,50.2365,37.2619,112.06483125000001,112.06483125000001,156.5166,89.9986
304,snn,nsson,jetson_emulator,300,offload,0.562800457127538,65.3452,46.7402,46.7402,49.5952,37.2483,112.06483125000001,112.06483125000001,156.6273,89.8906
305,snn,nsson,jetson_emulator,300,offload,0.5578125588505974,64.8946,46.6887,46.6887,50.1303,37.2527,112.06483125000001,112.06483125000001,156.7379,89.8982
306,snn,nsson,jetson_emulator,300,local,0.5544054106785081,65.4448,47.2646,65.4448,69.1725,34.6798,112.06483125000001,112.06483125000001,168.8117,89.9939
307,snn,nsson,jetson_emulator,300,local,0.5635177545095319,65.0587,47.0804,65.0587,68.7836,34.7092,112.06483125000001,112.06483125000001,168.9308,89.8798
308,snn,nsson,jetson_emulator,300,offload,0.5550702716254443,65.8543,47.398,47.398,51.575,37.1923,112.06483125000001,112.06483125000001,157.07,89.9539
309,snn,nsson,jetson_emulator,300,local,0.5629303022256575,66.0532,47.0318,66.0532,70.7099,34.6336,112.06483125000001,112.06483125000001,169.169,89.9443
310,snn,nsson,jetson_emulator,300,offload,0.5721375292723785,65.4488,46.8999,46.8999,50.0784,37.2347,112.06483125000001,112.06483125000001,157.2914,90.0187
311,snn,nsson,jetson_emulator,300,offload,0.585665204045641,65.5693,47.4082,47.4082,49.6981,37.1915,112.06483125000001,112.06483125000001,157.402,89.9887
312,snn,nsson,jetson_emulator,300,offload,0.5927813696564613,66.0021,48.107,48.107,50.591,37.1322,112.06483125000001,112.06483125000001,157.5127,90.0118
313,snn,nsson,jetson_emulator,300,offload,0.5895255293902226,66.5235,47.3506,47.3506,51.0472,37.1964,112.06483125000001,112.06483125000001,157.6234,89.9544
314,snn,nsson,jetson_emulator,300,offload,0.5840972038174788,66.1354,47.2721,47.2721,50.6396,37.203,112.06483125000001,112.06483125000001,157.7341,89.9598
315,snn,nsson,jetson_emulator,300,local,0.5816566663690095,66.259,47.3322,66.259,69.0971,34.618,112.06483125000001,112.06483125000001,169.8838,90.0066
316,snn,nsson,jetson_emulator,300,local,0.5949208254759331,66.4703,49.0247,66.4703,69.5902,34.602,112.06483125000001,112.06483125000001,170.0029,89.9119
317,snn,nsson,jetson_emulator,300,offload,0.5918735680654164,67.6868,47.4755,47.4755,50.7882,37.1857,112.06483125000001,112.06483125000001,158.0661,89.9535
318,snn,nsson,jetson_emulator,300,local,0.5912354812215598,66.9008,47.7526,66.9008,70.1976,34.5694,112.06483125000001,112.06483125000001,170.2411,89.9781
319,snn,nsson,jetson_emulator,300,offload,0.5934811914120175,67.2378,47.7211,47.7211,51.0203,37.1649,112.06483125000001,112.06483125000001,158.2875,90.0286
320,snn,nsson,jetson_emulator,300,offload,0.582509942769291,66.9916,48.1796,48.1796,51.5589,37.1261,112.06483125000001,112.06483125000001,158.3982,90.0559
321,snn,nsson,jetson_emulator,300,offload,0.5797616652830699,66.9607,48.0614,48.0614,51.4111,37.1361,112.06483125000001,112.06483125000001,158.5089,89.9382
322,snn,nsson,jetson_emulator,300,offload,0.5700066237780329,67.8171,48.1302,48.1302,51.3628,37.1302,112.06483125000001,112.06483125000001,158.6195,89.893
323,snn,nsson,jetson_emulator,300,offload,0.5678455319488086,67.0118,48.0399,48.0399,51.1659,37.1379,112.06483125000001,112.06483125000001,158.7302,89.9261
324,snn,nsson,jetson_emulator,300,local,0.5769904901117308,67.2876,49.0078,67.2876,70.7298,34.5402,112.06483125000001,112.06483125000001,170.9559,90.0545
325,snn,nsson,jetson_emulator,300,offload,0.5795064411270422,67.2946,48.3707,48.3707,51.5388,37.1099,112.06483125000001,112.06483125000001,158.9516,89.8915
326,snn,nsson,jetson_emulator,300,offload,0.5814966095274928,67.8313,48.7344,48.7344,51.5979,37.0792,112.06483125000001,112.06483125000001,159.0623,89.9462
327,snn,nsson,jetson_emulator,300,local,0.5836376938967438,67.8196,48.3607,67.8196,70.5077,34.5001,112.06483125000001,112.06483125000001,171.3133,89.936
328,snn,nsson,jetson_emulator,300,offload,0.5877411779880802,67.5382,48.5738,48.5738,52.5336,37.0927,112.06483125000001,112.06483125000001,159.2836,90.0428
329,snn,nsson,jetson_emulator,300,offload,0.5909053955852743,68.2964,49.0502,49.0502,51.722,37.0525,112.06483125000001,112.06483125000001,159.3943,89.9317
330,snn,nsson,jetson_emulator,300,offload,0.5848567138939333,68.1792,49.5451,49.5451,52.5087,37.0109,112.06483125000001,112.06483125000001,159.505,90.0361
331,snn,nsson,jetson_emulator,300,offload,0.5816657226210082,67.9655,48.8765,48.8765,52.033,37.0672,112.06483125000001,112.06483125000001,159.6157,89.933
332,snn,nsson,jetson_emulator,300,offload,0.573466617899414,68.479,49.0084,49.0084,51.3197,37.0561,112.06483125000001,112.06483125000001,159.7264,90.0112
333,snn,nsson,jetson_emulator,300,offload,0.5731798710499014,68.1677,49.3854,49.3854,52.8128,37.0243,112.06483125000001,112.06483125000001,159.837,89.9316
334,snn,nsson,jetson_emulator,300,offload,0.5793264634471376,68.0707,48.9986,48.9986,52.4609,37.0569,112.06483125000001,112.06483125000001,159.9477,89.9657
335,snn,nsson,jetson_emulator,300,local,0.5770040885377689,68.247,49.5553,68.247,71.4427,34.468,112.06483125000001,112.06483125000001,172.2662,89.9944
336,snn,nsson,jetson_emulator,300,local,0.5773414539529887,68.9929,49.3236,68.9929,72.347,34.4121,112.06483125000001,112.06483125000001,172.3854,89.9037
337,snn,nsson,jetson_emulator,300,offload,0.5783966221342651,68.833,49.3725,49.3725,52.0954,37.0254,112.06483125000001,112.06483125000001,160.2798,89.9565
338,snn,nsson,jetson_emulator,300,offload,0.5825229201361088,69.4248,49.6242,49.6242,52.7952,37.0042,112.06483125000001,112.06483125000001,160.3904,89.9848
339,snn,nsson,jetson_emulator,300,local,0.5847095761311033,68.7916,50.0906,68.7916,70.8624,34.4271,112.06483125000001,112.06483125000001,172.7427,90.02
340,snn,nsson,jetson_emulator,300,offload,0.5784991857190243,70.2256,49.4018,49.4018,51.9949,37.0229,112.06483125000001,112.06483125000001,160.6118,90.0534
341,snn,nsson,jetson_emulator,300,offload,0.5837953968515007,68.856,49.9801,49.9801,53.0628,36.9743,112.06483125000001,112.06483125000001,160.7225,89.9842
342,snn,nsson,jetson_emulator,300,offload,0.5838694064801011,68.9001,50.3789,50.3789,54.0232,36.9409,112.06483125000001,112.06483125000001,160.8332,89.9439
343,snn,nsson,jetson_emulator,300,offload,0.5755023795238587,69.9346,49.9452,49.9452,53.0714,36.9772,112.06483125000001,112.06483125000001,160.9439,89.9031
344,snn,nsson,jetson_emulator,300,offload,0.5707992833859121,69.2302,50.6438,50.6438,53.3492,36.9187,112.06483125000001,112.06483125000001,161.0545,89.9788
345,snn,nsson,jetson_emulator,300,local,0.5724001881956887,69.0652,49.973,69.0652,72.0587,34.4066,112.06483125000001,112.06483125000001,173.4575,89.9368
346,snn,nsson,jetson_emulator,300,offload,0.5683707174989296,69.3076,49.8243,49.8243,52.2899,36.9874,112.06483125000001,112.06483125000001,161.2759,89.9418
347,snn,nsson,jetson_emulator,300,local,0.5679689277301543,69.3246,50.4687,69.3246,72.0223,34.3872,112.06483125000001,112.06483125000001,173.6957,89.9858
348,snn,nsson,jetson_emulator,300,offload,0.5632861189414838,69.5224,49.8324,49.8324,53.219,36.9867,112.06483125000001,112.06483125000001,161.4973,89.9673
349,snn,nsson,jetson_emulator,300,offload,0.5570268651104228,69.6226,50.2883,50.2883,52.8629,36.9485,112.06483125000001,112.06483125000001,161.6079,90.0139
350,snn,nsson,jetson_emulator,300,offload,0.5631036993247386,69.956,49.8582,49.8582,53.4019,36.9845,112.06483125000001,112.06483125000001,161.7186,89.9622
351,snn,nsson,jetson_emulator,300,offload,0.5636424734559039,69.9204,49.7731,49.7731,53.2413,36.9917,112.06483125000001,112.06483125000001,161.8293,89.9136
352,snn,nsson,jetson_emulator,300,local,0.5627143251844602,70.4721,50.086,70.4721,74.1587,34.3016,112.06483125000001,112.06483125000001,174.2913,89.9411
353,snn,nsson,jetson_emulator,300,offload,0.5605589080329844,70.28,49.967,49.967,53.5309,36.9754,112.06483125000001,112.06483125000001,162.0507,89.9728
354,snn,nsson,jetson_emulator,300,offload,0.5614673584324753,70.0564,50.0971,50.0971,53.4405,36.9645,112.06483125000001,112.06483125000001,162.1614,89.9542
355,snn,nsson,jetson_emulator,300,local,0.5549251906316931,69.9822,51.6503,69.9822,72.3998,34.3381,112.06483125000001,112.06483125000001,174.6487,90.0219
356,snn,nsson,jetson_emulator,300,offload,0.5460636915674963,70.4549,50.1407,50.1407,54.087,36.9608,112.06483125000001,112.06483125000001,162.3827,89.9309
357,snn,nsson,jetson_emulator,300,local,0.5487835575134659,71.0465,50.4128,71.0465,74.4321,34.2589,112.06483125000001,112.06483125000001,174.887,89.9794
358,snn,nsson,jetson_emulator,300,offload,0.5453581877542194,70.2533,50.9249,50.9249,53.8374,36.8952,112.06483125000001,112.06483125000001,162.6041,89.9666
359,snn,nsson,jetson_emulator,300,offload,0.5386090252359351,70.5696,51.1582,51.1582,53.9315,36.8757,112.06483125000001,112.06483125000001,162.7148,89.9566
360,snn,nsson,jetson_emulator,300,offload,0.5270887703868621,70.164,50.9312,50.9312,54.2155,36.8946,112.06483125000001,112.06483125000001,162.8254,90.036
361,snn,nsson,jetson_emulator,300,offload,0.5350834077310103,70.3472,50.2552,50.2552,53.3239,36.9512,112.06483125000001,112.06483125000001,162.9361,89.9185
362,snn,nsson,jetson_emulator,300,local,0.5449735786370177,70.9413,50.9201,70.9413,73.0092,34.2667,112.06483125000001,112.06483125000001,175.4826,89.9522
363,snn,nsson,jetson_emulator,300,offload,0.5380575616362233,70.3576,50.3715,50.3715,53.2669,36.9415,112.06483125000001,112.06483125000001,163.1575,89.9792
364,snn,nsson,jetson_emulator,300,offload,0.5388411865026901,71.1105,51.177,51.177,54.7138,36.8741,112.06483125000001,112.06483125000001,163.2682,89.9198
365,snn,nsson,jetson_emulator,300,local,0.5368620961634967,70.5637,51.7807,70.5637,73.7573,34.2948,112.06483125000001,112.06483125000001,175.84,90.0135
366,snn,nsson,jetson_emulator,300,offload,0.5324569018209688,70.9684,51.6807,51.6807,54.6846,36.8321,112.06483125000001,112.06483125000001,163.4895,89.9275
367,snn,nsson,jetson_emulator,300,local,0.5304975867587062,71.4702,50.8324,71.4702,74.9449,34.2275,112.06483125000001,112.06483125000001,176.0782,89.9556
368,snn,nsson,jetson_emulator,300,local,0.5327716670803966,72.2845,50.7973,72.2845,75.1568,34.1673,112.06483125000001,112.06483125000001,176.1973,89.9878
369,snn,nsson,jetson_emulator,300,offload,0.5307878805115848,70.6283,51.5961,51.5961,53.525,36.8392,112.06483125000001,112.06483125000001,163.8216,89.9885
370,snn,nsson,jetson_emulator,300,local,0.5296295247314871,70.9615,50.5657,70.9615,74.0259,34.2653,112.06483125000001,112.06483125000001,176.4356,89.9858
371,snn,nsson,jetson_emulator,300,offload,0.5265667934633861,71.328,50.6746,50.6746,53.1229,36.9161,112.06483125000001,112.06483125000001,164.0429,89.9787
372,snn,nsson,jetson_emulator,300,local,0.5113239865597896,71.3455,51.7711,71.3455,74.2943,34.2368,112.06483125000001,112.06483125000001,176.6738,90.0202
373,snn,nsson,jetson_emulator,300,offload,0.5056246383042248,71.4045,51.1949,51.1949,54.925,36.8726,112.06483125000001,112.06483125000001,164.2643,89.8938
374,snn,nsson,jetson_emulator,300,local,0.5068342102941572,70.8974,50.9038,70.8974,73.8161,34.27,112.06483125000001,112.06483125000001,176.9121,90.0098
375,snn,nsson,jetson_emulator,300,local,0.5149769728006132,71.0048,51.6934,71.0048,74.2472,34.262,112.06483125000001,112.06483125000001,177.0312,90.0414
376,snn,nsson,jetson_emulator,300,offload,0.5138288494327625,71.3741,51.5913,51.5913,54.9336,36.8396,112.06483125000001,112.06483125000001,164.5964,89.9968
377,snn,nsson,jetson_emulator,300,offload,0.5094335794258866,71.1554,51.9806,51.9806,54.9902,36.8072,112.06483125000001,112.06483125000001,164.707,89.9355
378,snn,nsson,jetson_emulator,300,offload,0.5127736829775582,71.2698,50.9604,50.9604,54.7792,36.8922,112.06483125000001,112.06483125000001,164.8177,89.9214
379,snn,nsson,jetson_emulator,300,offload,0.5208998302372598,71.0303,51.1846,51.1846,53.6512,36.8735,112.06483125000001,112.06483125000001,164.9284,90.052
380,snn,nsson,jetson_emulator,300,offload,0.5151112625695048,71.1873,51.1169,51.1169,54.8389,36.8791,112.06483125000001,112.06483125000001,165.0391,89.8505
381,snn,nsson,jetson_emulator,300,local,0.5201546514817801,72.1849,50.9323,72.1849,75.35,34.1746,112.06483125000001,112.06483125000001,177.7459,89.8501
382,snn,nsson,jetson_emulator,300,local,0.5166176136874419,71.2626,51.8987,71.2626,74.8832,34.2429,112.06483125000001,112.06483125000001,177.8651,89.9792
383,snn,nsson,jetson_emulator,300,local,0.5140836973287354,72.1708,51.425,72.1708,75.652,34.1757,112.06483125000001,112.06483125000001,177.9842,90.0141
384,snn,nsson,jetson_emulator,300,offload,0.530017480374347,71.4224,51.5741,51.5741,53.9597,36.841,112.06483125000001,112.06483125000001,165.4818,90.024
385,snn,nsson,jetson_emulator,300,local,0.5270138766994524,71.9394,51.135,71.9394,75.5343,34.1928,112.06483125000001,112.06483125000001,178.2224,89.9539
386,snn,nsson,jetson_emulator,300,offload,0.5235581021660639,72.0113,52.3338,52.3338,56.7945,36.7778,112.06483125000001,112.06483125000001,165.7032,89.948
387,snn,nsson,jetson_emulator,300,offload,0.515606842586358,71.8518,51.0445,51.0445,54.2924,36.8852,112.06483125000001,112.06483125000001,165.8139,90.026
388,snn,nsson,jetson_emulator,300,offload,0.5143143447197498,71.5731,51.2142,51.2142,54.449,36.871,112.06483125000001,112.06483125000001,165.9245,89.8808
389,snn,nsson,jetson_emulator,300,local,0.5174761912980708,72.7451,51.6096,72.7451,75.8903,34.1333,112.06483125000001,112.06483125000001,178.6989,89.8938
390,snn,nsson,jetson_emulator,300,local,0.5185355105382438,73.0017,51.3922,73.0017,76.2204,34.1144,112.06483125000001,112.06483125000001,178.8181,90.0576
391,snn,nsson,jetson_emulator,300,local,0.5213023040415724,71.5865,51.4538,71.5865,74.8967,34.2189,112.06483125000001,112.06483125000001,178.9372,89.9837
392,snn,nsson,jetson_emulator,300,offload,0.5262452269398398,71.5573,51.3559,51.3559,53.8578,36.8592,112.06483125000001,112.06483125000001,166.3673,90.0139
393,snn,nsson,jetson_emulator,300,offload,0.5355880061514635,71.6711,52.1503,52.1503,54.6791,36.793,112.06483125000001,112.06483125000001,166.478,89.9021
394,snn,nsson,jetson_emulator,300,local,0.5485809929032864,71.7964,51.5959,71.7964,75.0301,34.2034,112.06483125000001,112.06483125000001,179.2945,89.944
395,snn,nsson,jetson_emulator,300,local,0.5532738341922825,72.4538,52.4244,72.4538,75.2945,34.1548,112.06483125000001,112.06483125000001,179.4137,89.9245
396,snn,nsson,jetson_emulator,300,local,0.5612365791766696,71.3995,52.3815,71.3995,74.4218,34.2328,112.06483125000001,112.06483125000001,179.5328,89.9965
397,snn,nsson,jetson_emulator,300,offload,0.5641667578136753,71.6121,51.4535,51.4535,54.1796,36.851,112.06483125000001,112.06483125000001,166.9207,89.9407
398,snn,nsson,jetson_emulator,300,local,0.5486061158264245,72.4816,51.2148,72.4816,76.0297,34.1527,112.06483125000001,112.06483125000001,179.771,90.0122
399,snn,nsson,jetson_emulator,300,offload,0.5624792515576614,72.6739,51.3626,51.3626,54.5162,36.8586,112.06483125000001,112.06483125000001,167.142,89.9891
400,snn,nsson,jetson_emulator,300,offload,0.5687986334285434,71.8717,51.2072,51.2072,53.8611,36.8716,112.06483125000001,112.06483125000001,167.2527,89.9514
401,snn,nsson,jetson_emulator,300,offload,0.5635342962959469,72.0495,51.1976,51.1976,54.6,36.8724,112.06483125000001,112.06483125000001,167.3634,89.8803
402,snn,nsson,jetson_emulator,300,offload,0.5576987032322411,72.0421,51.4442,51.4442,54.9282,36.8518,112.06483125000001,112.06483125000001,167.4741,89.9653
403,snn,nsson,jetson_emulator,300,offload,0.545624583510214,71.43,51.0758,51.0758,53.4845,36.8826,112.06483125000001,112.06483125000001,167.5848,89.9463
404,snn,nsson,jetson_emulator,300,offload,0.5514729904730252,71.5463,52.0612,52.0612,54.7432,36.8005,112.06483125000001,112.06483125000001,167.6955,90.0374
405,snn,nsson,jetson_emulator,300,offload,0.5470778453619979,71.5745,51.5952,51.5952,55.1727,36.8392,112.06483125000001,112.06483125000001,167.8061,89.9163
406,snn,nsson,jetson_emulator,300,local,0.5615038718225633,72.1348,51.6723,72.1348,75.8892,34.1783,112.06483125000001,112.06483125000001,180.724,90.0076
407,snn,nsson,jetson_emulator,300,offload,0.5590940552670665,72.2104,51.5609,51.5609,54.8193,36.8421,112.06483125000001,112.06483125000001,168.0275,89.976
408,snn,nsson,jetson_emulator,300,offload,0.5550152422136356,72.3561,51.4444,51.4444,54.8158,36.8518,112.06483125000001,112.06483125000001,168.1382,90.0706
409,snn,nsson,jetson_emulator,300,offload,0.5565988992323783,71.4836,51.0966,51.0966,53.948,36.8808,112.06483125000001,112.06483125000001,168.2489,90.01
410,snn,nsson,jetson_emulator,300,local,0.5568080391310959,71.8418,52.8937,71.8418,74.1565,34.2,112.06483125000001,112.06483125000001,181.2005,90.0415
411,snn,nsson,jetson_emulator,300,offload,0.5613547786472541,71.4482,52.0539,52.0539,55.2636,36.8011,112.06483125000001,112.06483125000001,168.4702,89.9109
412,snn,nsson,jetson_emulator,300,local,0.5612445053780306,71.7804,53.0632,71.7804,75.0578,34.2045,112.06483125000001,112.06483125000001,181.4388,89.8975
413,snn,nsson,jetson_emulator,300,local,0.5616782415466594,71.8252,51.8916,71.8252,75.0111,34.2012,112.06483125000001,112.06483125000001,181.5579,89.8867
414,snn,nsson,jetson_emulator,300,offload,0.5584767886257318,71.4312,52.6992,52.6992,56.0461,36.7475,112.06483125000001,112.06483125000001,168.8023,90.0039
415,snn,nsson,jetson_emulator,300,local,0.548193277838919,71.455,51.371,71.455,75.5568,34.2286,112.06483125000001,112.06483125000001,181.7961,89.9989
416,snn,nsson,jetson_emulator,300,local,0.5498621380765472,71.6584,51.39,71.6584,74.7564,34.2136,112.06483125000001,112.06483125000001,181.9153,90.0212
417,snn,nsson,jetson_emulator,300,local,0.5582209728710008,71.7455,53.1793,71.7455,74.6098,34.2071,112.06483125000001,112.06483125000001,182.0344,89.9673
418,snn,nsson,jetson_emulator,300,local,0.5626360554563878,72.3126,51.0755,72.3126,75.3924,34.1652,112.06483125000001,112.06483125000001,182.1535,89.993
419,snn,nsson,jetson_emulator,300,local,0.5686043051667343,71.7554,51.683,71.7554,74.5875,34.2064,112.06483125000001,112.06483125000001,182.2726,89.9759
420,snn,nsson,jetson_emulator,300,offload,0.5717859849790832,71.8568,51.1108,51.1108,54.0286,36.8796,112.06483125000001,112.06483125000001,169.4664,89.9151
421,snn,nsson,jetson_emulator,300,local,0.5725568188196086,72.3849,51.0368,72.3849,75.0171,34.1599,112.06483125000001,112.06483125000001,182.5109,90.013
422,snn,nsson,jetson_emulator,300,offload,0.571742729419858,71.5421,51.073,51.073,54.262,36.8828,112.06483125000001,112.06483125000001,169.6877,89.9291
423,snn,nsson,jetson_emulator,300,offload,0.5780619756443607,71.8339,51.9222,51.9222,54.3264,36.812,112.06483125000001,112.06483125000001,169.7984,90.0487
424,snn,nsson,jetson_emulator,300,offload,0.5777525980972653,72.1044,51.0787,51.0787,54.7045,36.8823,112.06483125000001,112.06483125000001,169.9091,90.0237
425,snn,nsson,jetson_emulator,300,offload,0.5724352875275573,71.8518,51.0537,51.0537,54.2609,36.8844,112.06483125000001,112.06483125000001,170.0198,89.9618
426,snn,nsson,jetson_emulator,300,local,0.5665412536065837,71.3897,51.6885,71.3897,74.0783,34.2335,112.06483125000001,112.06483125000001,183.1065,89.9394
427,snn,nsson,jetson_emulator,300,local,0.569051809833071,71.6456,52.2004,71.6456,74.2865,34.2145,112.06483125000001,112.06483125000001,183.2256,90.0178
428,snn,nsson,jetson_emulator,300,offload,0.5523499123592268,72.3933,51.7278,51.7278,55.0818,36.8282,112.06483125000001,112.06483125000001,170.3518,89.9962
429,snn,nsson,jetson_emulator,300,offload,0.5462206178426916,71.8029,52.2023,52.2023,55.385,36.7887,112.06483125000001,112.06483125000001,170.4625,90.086
430,snn,nsson,jetson_emulator,300,offload,0.5534861197165957,71.5933,51.0174,51.0174,53.4544,36.8874,112.06483125000001,112.06483125000001,170.5732,90.05
431,snn,nsson,jetson_emulator,300,offload,0.5526335102379363,71.37,51.0023,51.0023,54.2466,36.8887,112.06483125000001,112.06483125000001,170.6839,89.9713
432,snn,nsson,jetson_emulator,300,local,0.543440460424388,71.8512,51.3837,71.8512,74.4067,34.1993,112.06483125000001,112.06483125000001,183.8213,89.978
433,snn,nsson,jetson_emulator,300,local,0.5386009687878314,71.8337,52.4745,71.8337,75.1618,34.2006,112.06483125000001,112.06483125000001,183.9404,89.9839
434,snn,nsson,jetson_emulator,300,offload,0.5281490544402001,71.3946,51.2045,51.2045,54.9007,36.8718,112.06483125000001,112.06483125000001,171.0159,89.9931
435,snn,nsson,jetson_emulator,300,offload,0.5280526234771165,72.2842,51.2061,51.2061,55.2537,36.8717,112.06483125000001,112.06483125000001,171.1266,89.9558
436,snn,nsson,jetson_emulator,300,offload,0.5246919294180513,71.2421,51.2033,51.2033,54.4704,36.8719,112.06483125000001,112.06483125000001,171.2373,89.9987
437,snn,nsson,jetson_emulator,300,local,0.5293469377562166,71.8549,52.1722,71.8549,75.3723,34.199,112.06483125000001,112.06483125000001,184.4169,89.9177
438,snn,nsson,jetson_emulator,300,offload,0.5357388314745795,71.357,51.9688,51.9688,54.9262,36.8081,112.06483125000001,112.06483125000001,171.4586,89.9277
439,snn,nsson,jetson_emulator,300,offload,0.526456748350948,72.1813,51.3676,51.3676,55.0932,36.8582,112.06483125000001,112.06483125000001,171.5693,89.9387
440,snn,nsson,jetson_emulator,300,local,0.5294410557391207,72.2295,51.777,72.2295,75.4842,34.1714,112.06483125000001,112.06483125000001,184.7742,89.925
441,snn,nsson,jetson_emulator,300,offload,0.5374893574075619,72.0061,51.5961,51.5961,55.4398,36.8392,112.06483125000001,112.06483125000001,171.7907,89.9692
442,snn,nsson,jetson_emulator,300,offload,0.5264833323987594,71.3746,51.3258,51.3258,55.231,36.8617,112.06483125000001,112.06483125000001,171.9014,90.0259
443,snn,nsson,jetson_emulator,300,local,0.52116108590424,71.3203,51.3964,71.3203,75.1499,34.2386,112.06483125000001,112.06483125000001,185.1316,89.9363
444,snn,nsson,jetson_emulator,300,local,0.5183160011731763,71.6936,51.1812,71.6936,74.9465,34.211,112.06483125000001,112.06483125000001,185.2507,90.1012
445,snn,nsson,jetson_emulator,300,offload,0.5242139671990054,71.8458,51.3825,51.3825,54.8737,36.857,112.06483125000001,112.06483125000001,172.2334,89.8913
446,snn,nsson,jetson_emulator,300,offload,0.5252964171235325,71.5148,51.0244,51.0244,54.4357,36.8869,112.06483125000001,112.06483125000001,172.3441,89.9006
447,snn,nsson,jetson_emulator,300,offload,0.5217992660370874,71.4131,51.7769,51.7769,55.3325,36.8241,112.06483125000001,112.06483125000001,172.4548,89.942
448,snn,nsson,jetson_emulator,300,local,0.5170112111201627,72.5295,51.9339,72.5295,75.897,34.1492,112.06483125000001,112.06483125000001,185.7272,89.8913
449,snn,nsson,jetson_emulator,300,local,0.5106343400716656,71.6979,52.4086,71.6979,73.9253,34.2107,112.06483125000001,112.06483125000001,185.8464,89.9546
450,snn,nsson,jetson_emulator,300,local,0.5171299128633832,71.6587,51.0873,71.6587,74.7684,34.2136,112.06483125000001,112.06483125000001,185.9655,90.0207
451,snn,nsson,jetson_emulator,300,offload,0.5091034851903103,71.19,51.3455,51.3455,54.3298,36.8601,112.06483125000001,112.06483125000001,172.8975,89.8508
452,snn,nsson,jetson_emulator,300,offload,0.51607940042544,71.2379,51.8009,51.8009,55.171,36.8221,112.06483125000001,112.06483125000001,173.0082,89.9747
453,snn,nsson,jetson_emulator,300,offload,0.5147423674689107,71.2198,50.8642,50.8642,54.3291,36.9002,112.06483125000001,112.06483125000001,173.1189,89.9157
454,snn,nsson,jetson_emulator,300,offload,0.511685494398987,71.3674,51.4327,51.4327,54.6229,36.8528,112.06483125000001,112.06483125000001,173.2296,89.9371
455,snn,nsson,jetson_emulator,300,offload,0.514575455633719,71.3782,51.4298,51.4298,54.1896,36.853,112.06483125000001,112.06483125000001,173.3402,89.9682
456,snn,nsson,jetson_emulator,300,local,0.5200735642931854,71.6155,50.9291,71.6155,74.931,34.2168,112.06483125000001,112.06483125000001,186.6802,89.9618
457,snn,nsson,jetson_emulator,300,offload,0.5233152019601035,71.9404,51.4782,51.4782,54.8763,36.849,112.06483125000001,112.06483125000001,173.5616,89.9417
458,snn,nsson,jetson_emulator,300,local,0.5273587287418768,71.1564,51.2157,71.1564,75.0436,34.2508,112.06483125000001,112.06483125000001,186.9185,89.9714
459,snn,nsson,jetson_emulator,300,offload,0.53208159229055,71.1574,51.9699,51.9699,54.1563,36.808,112.06483125000001,112.06483125000001,173.783,89.9357
460,snn,nsson,jetson_emulator,300,local,0.5322644628346306,71.1335,50.9343,71.1335,74.2151,34.2525,112.06483125000001,112.06483125000001,187.1567,90.0555
461,snn,nsson,jetson_emulator,300,offload,0.5384721884797118,71.164,51.8616,51.8616,54.9055,36.817,112.06483125000001,112.06483125000001,174.0043,90.019
462,snn,nsson,jetson_emulator,300,offload,0.5463794414790781,71.2333,52.3243,52.3243,55.3345,36.7786,112.06483125000001,112.06483125000001,174.115,89.9936
463,snn,nsson,jetson_emulator,300,offload,0.5591938907673384,71.2346,50.9639,50.9639,54.353,36.8919,112.06483125000001,112.06483125000001,174.2257,90.0041
464,snn,nsson,jetson_emulator,300,offload,0.5649056468366358,71.8806,51.0863,51.0863,54.4284,36.8817,112.06483125000001,112.06483125000001,174.3364,89.967
465,snn,nsson,jetson_emulator,300,local,0.5809452090188075,71.1808,51.6539,71.1808,74.395,34.249,112.06483125000001,112.06483125000001,187.7523,89.9765
466,snn,nsson,jetson_emulator,300,offload,0.5794695003404293,71.3018,51.1564,51.1564,54.4458,36.8758,112.06483125000001,112.06483125000001,174.5577,90.0283
467,snn,nsson,jetson_emulator,300,offload,0.5798003863591643,71.2689,51.361,51.361,55.6128,36.8588,112.06483125000001,112.06483125000001,174.6684,90.0125
468,snn,nsson,jetson_emulator,300,offload,0.577713412059618,71.3651,51.7931,51.7931,55.388,36.8228,112.06483125000001,112.06483125000001,174.7791,90.0308
469,snn,nsson,jetson_emulator,300,offload,0.5746386493563393,71.4623,51.2683,51.2683,54.5525,36.8665,112.06483125000001,112.06483125000001,174.8898,89.9243
470,snn,nsson,jetson_emulator,300,local,0.5793006611531601,71.9462,52.3073,71.9462,74.9763,34.1923,112.06483125000001,112.06483125000001,188.348,89.9639
471,snn,nsson,jetson_emulator,300,offload,0.5894266861251969,72.0567,51.1662,51.1662,54.2678,36.875,112.06483125000001,112.06483125000001,175.1111,89.9258
472,snn,nsson,jetson_emulator,300,offload,0.588819679016138,73.0664,51.1582,51.1582,54.8664,36.8757,112.06483125000001,112.06483125000001,175.2218,89.9616
473,snn,nsson,jetson_emulator,300,offload,0.5912513913651674,71.6247,51.6733,51.6733,54.8159,36.8327,112.06483125000001,112.06483125000001,175.3325,90.0908
474,snn,nsson,jetson_emulator,300,local,0.5975841510557754,72.3,52.7707,72.3,75.2425,34.1661,112.06483125000001,112.06483125000001,188.8245,89.9112
475,snn,nsson,jetson_emulator,300,local,0.5971032640460857,71.5767,51.6251,71.5767,75.3501,34.2196,112.06483125000001,112.06483125000001,188.9436,89.938
476,snn,nsson,jetson_emulator,300,offload,0.6051445161462399,72.4972,52.8537,52.8537,56.5233,36.7347,112.06483125000001,112.06483125000001,175.6646,89.9458
477,snn,nsson,jetson_emulator,300,local,0.6156399343711924,71.3629,51.0641,71.3629,74.773,34.2355,112.06483125000001,112.06483125000001,189.1818,90.0912
478,snn,nsson,jetson_emulator,300,offload,0.6126087143707493,71.4309,52.0722,52.0722,55.77,36.7995,112.06483125000001,112.06483125000001,175.8859,89.9683
479,snn,nsson,jetson_emulator,300,offload,0.6046092012725683,72.1443,51.1769,51.1769,54.2745,36.8741,112.06483125000001,112.06483125000001,175.9966,89.9791
480,snn,nsson,jetson_emulator,300,local,0.6072253246282435,72.358,52.1325,72.358,75.9165,34.1619,112.06483125000001,112.06483125000001,189.5392,89.9663
481,snn,nsson,jetson_emulator,300,offload,0.6042159212660001,71.6031,51.2099,51.2099,54.2939,36.8714,112.06483125000001,112.06483125000001,176.218,90.0002
482,snn,nsson,jetson_emulator,300,offload,0.6157971119692238,72.0126,51.5995,51.5995,54.456,36.8389,112.06483125000001,112.06483125000001,176.3286,89.9127
483,snn,nsson,jetson_emulator,300,offload,0.6205469265708425,71.8039,51.343,51.343,54.2421,36.8603,112.06483125000001,112.06483125000001,176.4393,89.9439
484,snn,nsson,jetson_emulator,300,offload,0.6160296850690573,71.5942,51.6284,51.6284,55.2793,36.8365,112.06483125000001,112.06483125000001,176.55,89.9438
485,snn,nsson,jetson_emulator,300,offload,0.6176197895152142,71.7625,51.9155,51.9155,54.6141,36.8126,112.06483125000001,112.06483125000001,176.6607,89.9687
486,snn,nsson,jetson_emulator,300,offload,0.6249325093386735,72.8161,52.1001,52.1001,54.9729,36.7972,112.06483125000001,112.06483125000001,176.7714,90.0233
487,snn,nsson,jetson_emulator,300,offload,0.6209435929526663,71.8557,52.2014,52.2014,55.2303,36.7888,112.06483125000001,112.06483125000001,176.8821,89.9326
488,snn,nsson,jetson_emulator,300,offload,0.61522964064288,72.2379,51.4477,51.4477,54.6118,36.8515,112.06483125000001,112.06483125000001,176.9927,89.989
489,snn,nsson,jetson_emulator,300,offload,0.6190575356759028,72.5343,51.7885,51.7885,55.4938,36.8231,112.06483125000001,112.06483125000001,177.1034,89.9661
490,snn,nsson,jetson_emulator,300,offload,0.6154665366528564,72.0119,52.388,52.388,55.2127,36.7733,112.06483125000001,112.06483125000001,177.2141,89.9785
491,snn,nsson,jetson_emulator,300,local,0.6183925662311992,72.1793,53.6351,72.1793,75.0836,34.1751,112.06483125000001,112.06483125000001,190.8496,89.9285
492,snn,nsson,jetson_emulator,300,offload,0.6181564945620668,72.6233,52.3351,52.3351,55.3992,36.7777,112.06483125000001,112.06483125000001,177.4355,89.9725
493,snn,nsson,jetson_emulator,300,offload,0.6269504964541421,72.5125,53.2114,53.2114,56.9661,36.7051,112.06483125000001,112.06483125000001,177.5461,89.9605
494,snn,nsson,jetson_emulator,300,offload,0.630055435883357,72.3518,52.2873,52.2873,55.7474,36.7817,112.06483125000001,112.06483125000001,177.6568,89.9701
495,snn,nsson,jetson_emulator,300,local,0.6236721418908546,72.0334,51.5854,72.0334,74.6088,34.1858,112.06483125000001,112.06483125000001,191.3261,89.8779
496,snn,nsson,jetson_emulator,300,local,0.6271515011879255,72.2797,51.7616,72.2797,75.7669,34.1677,112.06483125000001,112.06483125000001,191.4452,89.9916
497,snn,nsson,jetson_emulator,300,offload,0.6298734337291919,73.1537,53.7273,53.7273,57.2626,36.6624,112.06483125000001,112.06483125000001,177.9889,89.9989
498,snn,nsson,jetson_emulator,300,offload,0.6331713919327868,72.3485,52.9072,52.9072,55.9913,36.7302,112.06483125000001,112.06483125000001,178.0996,89.9289
499,snn,nsson,jetson_emulator,300,local,0.6422004106421972,72.7192,52.4313,72.7192,75.1838,34.1352,112.06483125000001,112.06483125000001,191.8025,90.0315
500,snn,nsson,jetson_emulator,300,offload,0.642424647175813,72.4926,52.4105,52.4105,55.034,36.7714,112.06483125000001,112.06483125000001,178.3209,90.0257
501,snn,nsson,jetson_emulator,300,offload,0.6415591483807257,72.8096,52.5846,52.5846,55.485,36.757,112.06483125000001,112.06483125000001,178.4316,89.9746
502,snn,nsson,jetson_emulator,300,offload,0.6487132468404795,73.5151,53.1955,53.1955,56.6268,36.7064,112.06483125000001,112.06483125000001,178.5423,89.9636
503,snn,nsson,jetson_emulator,300,offload,0.6544530436843051,73.0326,52.1557,52.1557,55.4241,36.7926,112.06483125000001,112.06483125000001,178.653,89.917
504,snn,nsson,jetson_emulator,300,offload,0.6504544356337046,73.1428,53.6008,53.6008,56.2319,36.6729,112.06483125000001,112.06483125000001,178.7636,90.0543
505,snn,nsson,jetson_emulator,300,offload,0.6549309811624133,72.9894,52.3411,52.3411,55.7792,36.7772,112.06483125000001,112.06483125000001,178.8743,89.898
506,snn,nsson,jetson_emulator,300,offload,0.6502935548089573,73.3045,55.4148,55.4148,59.0648,36.5237,112.06483125000001,112.06483125000001,178.985,89.9034
507,snn,nsson,jetson_emulator,300,offload,0.6425654620833829,72.756,53.2549,53.2549,56.3824,36.7015,112.06483125000001,112.06483125000001,179.0957,90.0312
508,snn,nsson,jetson_emulator,300,offload,0.6427454100747704,73.012,52.5007,52.5007,55.9572,36.7639,112.06483125000001,112.06483125000001,179.2064,89.9639
509,snn,nsson,jetson_emulator,300,offload,0.641774902221188,72.8961,52.1902,52.1902,55.3417,36.7897,112.06483125000001,112.06483125000001,179.3171,89.9314
510,snn,nsson,jetson_emulator,300,offload,0.6461943534081804,73.1528,53.8652,53.8652,57.242,36.6511,112.06483125000001,112.06483125000001,179.4277,90.0467
511,snn,nsson,jetson_emulator,300,local,0.6478677265530842,73.1195,52.5833,73.1195,75.8971,34.1058,112.06483125000001,112.06483125000001,193.232,89.9859
512,snn,nsson,jetson_emulator,300,offload,0.6569804887164707,73.6836,52.987,52.987,56.5163,36.7236,112.06483125000001,112.06483125000001,179.6491,89.9468
513,snn,nsson,jetson_emulator,300,offload,0.6555566600337525,73.476,52.8809,52.8809,56.7917,36.7324,112.06483125000001,112.06483125000001,179.7598,89.8402
514,snn,nsson,jetson_emulator,300,local,0.6549844965669148,73.7498,52.833,73.7498,76.9691,34.0595,112.06483125000001,112.06483125000001,193.5894,89.9374
515,snn,nsson,jetson_emulator,300,offload,0.6572783821070536,73.937,52.7558,52.7558,55.8707,36.7428,112.06483125000001,112.06483125000001,179.9812,89.999
516,snn,nsson,jetson_emulator,300,local,0.6649053072222465,74.0253,52.8816,74.0253,77.123,34.0393,112.06483125000001,112.06483125000001,193.8277,89.9744
517,snn,nsson,jetson_emulator,300,offload,0.6693058257545275,73.8938,53.1944,53.1944,56.6253,36.7065,112.06483125000001,112.06483125000001,180.2025,90.002
518,snn,nsson,jetson_emulator,300,offload,0.6737270397347658,73.5856,53.1545,53.1545,56.5297,36.7098,112.06483125000001,112.06483125000001,180.3132,90.017
519,snn,nsson,jetson_emulator,300,local,0.6659516312479984,74.4951,52.8424,74.4951,77.7877,34.0049,112.06483125000001,112.06483125000001,194.185,89.9947
520,snn,nsson,jetson_emulator,300,offload,0.66783483452315,74.7172,53.8506,53.8506,57.1369,36.6523,112.06483125000001,112.06483125000001,180.5346,89.9288
521,snn,nsson,jetson_emulator,300,local,0.6716077286138259,74.207,53.7637,74.207,77.091,34.0259,112.06483125000001,112.06483125000001,194.4233,89.9708
522,snn,nsson,jetson_emulator,300,local,0.68,75.2378,52.8818,75.2378,78.574,33.9506,112.06483125000001,112.06483125000001,194.5424,89.9875
523,snn,nsson,jetson_emulator,300,offload,0.68,74.2658,53.2904,53.2904,56.8138,36.6985,112.06483125000001,112.06483125000001,180.8666,89.9663
524,snn,nsson,jetson_emulator,300,local,0.6757854507687894,74.2731,54.0274,74.2731,77.3385,34.0211,112.06483125000001,112.06483125000001,194.7806,90.0089
525,snn,nsson,jetson_emulator,300,local,0.6667271293691945,74.6602,53.5475,74.6602,78.3038,33.9928,112.06483125000001,112.06483125000001,194.8998,90.0101
526,snn,nsson,jetson_emulator,300,local,0.6673507222068421,74.3159,53.1921,74.3159,77.5651,34.018,112.06483125000001,112.06483125000001,195.0189,89.9812
527,snn,nsson,jetson_emulator,300,offload,0.6639248995082386,74.7981,53.4544,53.4544,56.1225,36.685,112.06483125000001,112.06483125000001,181.3093,89.9724
528,snn,nsson,jetson_emulator,300,local,0.673388979975988,75.063,54.2239,75.063,78.2169,33.9634,112.06483125000001,112.06483125000001,195.2571,89.9549
529,snn,nsson,jetson_emulator,300,offload,0.6697389706885916,76.2728,53.5346,53.5346,57.3087,36.6783,112.06483125000001,112.06483125000001,181.5307,89.9768
530,snn,nsson,jetson_emulator,300,offload,0.6602041685116338,74.8464,53.4777,53.4777,56.7007,36.683,112.06483125000001,112.06483125000001,181.6414,90.031
531,snn,nsson,jetson_emulator,300,local,0.6582341063347144,75.4705,53.7761,75.4705,78.7816,33.9337,112.06483125000001,112.06483125000001,195.6145,89.9753
532,snn,nsson,jetson_emulator,300,offload,0.6695863801530979,74.9209,53.5848,53.5848,56.7422,36.6742,112.06483125000001,112.06483125000001,181.8627,89.9595
533,snn,nsson,jetson_emulator,300,offload,0.6769910383974868,74.98,54.9005,54.9005,57.5815,36.5659,112.06483125000001,112.06483125000001,181.9734,89.8897
534,snn,nsson,jetson_emulator,300,offload,0.6730097836512091,75.707,54.3408,54.3408,57.3828,36.6119,112.06483125000001,112.06483125000001,182.0841,90.003
535,snn,nsson,jetson_emulator,300,offload,0.6614877430632917,75.406,55.0367,55.0367,57.8948,36.5547,112.06483125000001,112.06483125000001,182.1948,89.948
536,snn,nsson,jetson_emulator,300,offload,0.6741293566694014,75.8113,54.6594,54.6594,58.0724,36.5857,112.06483125000001,112.06483125000001,182.3055,89.9756
537,snn,nsson,jetson_emulator,300,offload,0.6768609633363067,75.6102,54.6187,54.6187,58.232,36.589,112.06483125000001,112.06483125000001,182.4162,89.9946
538,snn,nsson,jetson_emulator,300,offload,0.6730439110427503,75.4736,54.3005,54.3005,57.3987,36.6152,112.06483125000001,112.06483125000001,182.5268,89.9082
539,snn,nsson,jetson_emulator,300,offload,0.6730976536277452,76.1891,54.7223,54.7223,57.4248,36.5805,112.06483125000001,112.06483125000001,182.6375,89.9369
540,snn,nsson,jetson_emulator,300,offload,0.6675015695889933,76.0997,54.1701,54.1701,57.6679,36.6259,112.06483125000001,112.06483125000001,182.7482,89.918
541,snn,nsson,jetson_emulator,300,offload,0.669189003840949,76.1331,54.751,54.751,57.8032,36.5781,112.06483125000001,112.06483125000001,182.8589,89.9355
542,snn,nsson,jetson_emulator,300,offload,0.6649061575040093,76.2101,54.8971,54.8971,58.317,36.5661,112.06483125000001,112.06483125000001,182.9696,89.9699
543,snn,nsson,jetson_emulator,300,offload,0.664176601152128,76.3014,54.7484,54.7484,58.0446,36.5783,112.06483125000001,112.06483125000001,183.0802,89.9789
544,snn,nsson,jetson_emulator,300,local,0.6701657571027768,76.3135,55.0621,76.3135,79.5582,33.8724,112.06483125000001,112.06483125000001,197.1631,90.0318
545,snn,nsson,jetson_emulator,300,offload,0.6639359241305839,76.6728,55.0359,55.0359,58.5829,36.5547,112.06483125000001,112.06483125000001,183.3016,89.9637
546,snn,nsson,jetson_emulator,300,offload,0.6510887766663996,76.4512,55.127,55.127,58.9149,36.5473,112.06483125000001,112.06483125000001,183.4123,89.8432
547,snn,nsson,jetson_emulator,300,local,0.6582796315387891,76.7455,55.8145,76.7455,80.2026,33.8411,112.06483125000001,112.06483125000001,197.5205,89.9952
548,snn,nsson,jetson_emulator,300,offload,0.6643497612970123,77.0829,55.0574,55.0574,57.9798,36.553,112.06483125000001,112.06483125000001,183.6337,89.8762
549,snn,nsson,jetson_emulator,300,offload,0.6711939213989222,76.8583,54.8023,54.8023,58.1445,36.5739,112.06483125000001,112.06483125000001,183.7443,89.9323
550,snn,nsson,jetson_emulator,300,local,0.6744929564301294,77.513,56.4177,77.513,80.9862,33.7856,112.06483125000001,112.06483125000001,197.8779,90.0036
551,snn,nsson,jetson_emulator,300,local,0.68,77.6759,55.0551,77.6759,80.8664,33.7738,112.06483125000001,112.06483125000001,197.997,90.0093
552,snn,nsson,jetson_emulator,300,local,0.68,77.4809,56.3483,77.4809,80.8814,33.7879,112.06483125000001,112.06483125000001,198.1161,90.008
553,snn,nsson,jetson_emulator,300,offload,0.68,77.6819,55.7574,55.7574,58.5761,36.4956,112.06483125000001,112.06483125000001,184.1871,89.9715
554,snn,nsson,jetson_emulator,300,offload,0.68,77.5124,55.5208,55.5208,58.9137,36.515,112.06483125000001,112.06483125000001,184.2977,89.9669
555,snn,nsson,jetson_emulator,300,offload,0.6772928478212135,77.5206,57.5391,57.5391,60.6211,36.3505,112.06483125000001,112.06483125000001,184.4084,89.9601
556,snn,nsson,jetson_emulator,300,offload,0.68,78.1349,55.7621,55.7621,59.604,36.4953,112.06483125000001,112.06483125000001,184.5191,90.012
557,snn,nsson,jetson_emulator,300,local,0.68,78.4744,55.8133,78.4744,81.5119,33.7163,112.06483125000001,112.06483125000001,198.7117,89.9779
558,snn,nsson,jetson_emulator,300,local,0.68,77.691,55.9324,77.691,80.7669,33.7727,112.06483125000001,112.06483125000001,198.8308,90.0199
559,snn,nsson,jetson_emulator,300,offload,0.6665275498720759,78.1581,55.9273,55.9273,59.1075,36.4818,112.06483125000001,112.06483125000001,184.8512,90.0102
560,snn,nsson,jetson_emulator,300,offload,0.669651259952444,77.9148,56.8061,56.8061,60.1217,36.4101,112.06483125000001,112.06483125000001,184.9618,89.9554
561,snn,nsson,jetson_emulator,300,offload,0.6752611293566922,79.4646,55.838,55.838,58.5541,36.4891,112.06483125000001,112.06483125000001,185.0725,89.9414
562,snn,nsson,jetson_emulator,300,offload,0.6697453877389854,78.2152,56.5818,56.5818,59.4984,36.4284,112.06483125000001,112.06483125000001,185.1832,89.982
563,snn,nsson,jetson_emulator,300,offload,0.6607327584344994,78.4039,56.8663,56.8663,60.6291,36.4052,112.06483125000001,112.06483125000001,185.2939,89.9911
564,snn,nsson,jetson_emulator,300,local,0.6681696537150134,79.2517,56.7953,79.2517,82.2358,33.6605,112.06483125000001,112.06483125000001,199.5456,89.9465
565,snn,nsson,jetson_emulator,300,offload,0.6625354776876486,79.1108,56.4916,56.4916,59.0557,36.4357,112.06483125000001,112.06483125000001,185.5152,89.9484
566,snn,nsson,jetson_emulator,300,offload,0.67136058326225,78.691,56.2938,56.2938,59.1039,36.4518,112.06483125000001,112.06483125000001,185.6259,90.0443
567,snn,nsson,jetson_emulator,300,offload,0.6651531710602493,79.0473,57.5867,57.5867,60.4955,36.3467,112.06483125000001,112.06483125000001,185.7366,89.9773
568,snn,nsson,jetson_emulator,300,offload,0.6580112847119495,80.3832,56.3414,56.3414,60.0889,36.4479,112.06483125000001,112.06483125000001,185.8473,89.9843
569,snn,nsson,jetson_emulator,300,offload,0.6594795045809797,79.4293,56.5516,56.5516,59.8407,36.4308,112.06483125000001,112.06483125000001,185.958,89.9004
570,snn,nsson,jetson_emulator,300,local,0.6532089101330866,79.9575,57.1142,79.9575,83.4403,33.61,112.06483125000001,112.06483125000001,200.2603,89.9268
571,snn,nsson,jetson_emulator,300,local,0.6469318799454472,79.2057,57.2778,79.2057,83.1745,33.6638,112.06483125000001,112.06483125000001,200.3795,89.8993
572,snn,nsson,jetson_emulator,300,offload,0.654390886981336,80.388,57.7646,57.7646,61.0578,36.3322,112.06483125000001,112.06483125000001,186.29,89.9971
573,snn,nsson,jetson_emulator,300,offload,0.6556586183960408,79.4169,57.0902,57.0902,59.879,36.387,112.06483125000001,112.06483125000001,186.4007,90.0443
574,snn,nsson,jetson_emulator,300,offload,0.6607959171879181,79.81,57.4901,57.4901,60.467,36.3545,112.06483125000001,112.06483125000001,186.5114,89.979
575,snn,nsson,jetson_emulator,300,offload,0.6577275887451389,80.2577,57.3481,57.3481,60.4308,36.366,112.06483125000001,112.06483125000001,186.6221,90.0106
576,snn,nsson,jetson_emulator,300,local,0.6642205847884268,80.018,57.6312,80.018,83.1488,33.6057,112.06483125000001,112.06483125000001,200.9751,89.9499
577,snn,nsson,jetson_emulator,300,offload,0.6627883915885949,79.9886,58.0381,58.0381,60.6956,36.3101,112.06483125000001,112.06483125000001,186.8434,89.9091
578,snn,nsson,jetson_emulator,300,offload,0.6617974522170266,80.2164,57.5004,57.5004,60.5373,36.3537,112.06483125000001,112.06483125000001,186.9541,90.008
579,snn,nsson,jetson_emulator,300,local,0.6605631094320907,80.0808,57.4876,80.0808,82.809,33.6012,112.06483125000001,112.06483125000001,201.3324,89.9223
580,snn,nsson,jetson_emulator,300,offload,0.650373433923105,80.8131,57.7903,57.7903,61.743,36.3301,112.06483125000001,112.06483125000001,187.1755,89.9823
581,snn,nsson,jetson_emulator,300,offload,0.6428231893713774,80.7325,58.8997,58.8997,61.5836,36.2405,112.06483125000001,112.06483125000001,187.2862,90.0215
582,snn,nsson,jetson_emulator,300,offload,0.6440641047240646,81.0493,57.9096,57.9096,61.2742,36.3205,112.06483125000001,112.06483125000001,187.3968,89.9821
583,snn,nsson,jetson_emulator,300,offload,0.6435119403149713,80.7689,58.6729,58.6729,62.8682,36.2588,112.06483125000001,112.06483125000001,187.5075,90.095
584,snn,nsson,jetson_emulator,300,offload,0.6446523577004581,80.7236,59.5321,59.5321,63.2617,36.1895,112.06483125000001,112.06483125000001,187.6182,89.98
585,snn,nsson,jetson_emulator,300,local,0.6471442969746964,81.2535,58.1662,81.2535,84.6328,33.5177,112.06483125000001,112.06483125000001,202.0472,89.9244
586,snn,nsson,jetson_emulator,300,local,0.6498148958815354,81.192,58.5295,81.192,84.1635,33.5221,112.06483125000001,112.06483125000001,202.1663,90.0206
587,snn,nsson,jetson_emulator,300,offload,0.6567260599780959,81.6998,58.1136,58.1136,61.3672,36.304,112.06483125000001,112.06483125000001,187.9503,89.9348
588,snn,nsson,jetson_emulator,300,offload,0.6642867301724166,81.9119,59.5662,59.5662,62.7754,36.1868,112.06483125000001,112.06483125000001,188.0609,90.0014
589,snn,nsson,jetson_emulator,300,offload,0.6681936222019454,82.0291,59.5697,59.5697,62.5121,36.1865,112.06483125000001,112.06483125000001,188.1716,89.9261
590,snn,nsson,jetson_emulator,300,offload,0.6679354756320919,81.603,58.7906,58.7906,62.1858,36.2493,112.06483125000001,112.06483125000001,188.2823,90.0031
591,snn,nsson,jetson_emulator,300,local,0.6568056889586122,81.4252,58.1258,81.4252,84.3027,33.5055,112.06483125000001,112.06483125000001,202.7619,89.9557
592,snn,nsson,jetson_emulator,300,offload,0.6501732689785172,81.5256,58.5723,58.5723,61.3236,36.2669,112.06483125000001,112.06483125000001,188.5037,89.9279
593,snn,nsson,jetson_emulator,300,offload,0.6524083921776727,82.1458,58.6122,58.6122,61.367,36.2637,112.06483125000001,112.06483125000001,188.6143,89.9328
594,snn,nsson,jetson_emulator,300,local,0.6532704326622395,82.0427,59.7781,82.0427,85.8862,33.4617,112.06483125000001,112.06483125000001,203.1193,90.0126
595,snn,nsson,jetson_emulator,300,offload,0.6500573246822617,82.2691,58.9178,58.9178,61.1042,36.239,112.06483125000001,112.06483125000001,188.8357,90.0258
596,snn,nsson,jetson_emulator,300,offload,0.654775998642454,82.5105,58.6803,58.6803,61.7463,36.2582,112.06483125000001,112.06483125000001,188.9464,89.9796
597,snn,nsson,jetson_emulator,300,local,0.6442687421927584,81.928,58.9392,81.928,85.2594,33.4699,112.06483125000001,112.06483125000001,203.4767,89.9597
598,snn,nsson,jetson_emulator,300,offload,0.6518574792630746,81.9353,59.4396,59.4396,62.05,36.197,112.06483125000001,112.06483125000001,189.1678,90.0491
599,snn,nsson,jetson_emulator,300,local,0.664012195207638,82.0898,59.3779,82.0898,86.42,33.4584,112.06483125000001,112.06483125000001,203.7149,89.9258
600,snn,nsson,jetson_emulator,300,local,0.663355692604186,83.5868,60.1106,83.5868,87.9526,33.3527,112.06483125000001,112.06483125000001,203.834,90.016
601,snn,nsson,jetson_emulator,300,local,0.648594299833602,82.2323,59.3649,82.2323,85.0268,33.4483,112.06483125000001,112.06483125000001,203.9532,90.0162
602,snn,nsson,jetson_emulator,300,offload,0.6598142488212416,83.3463,59.7273,59.7273,62.459,36.1738,112.06483125000001,112.06483125000001,189.6105,89.9061
603,snn,nsson,jetson_emulator,300,offload,0.6635855632040398,82.8365,59.0895,59.0895,61.7075,36.2252,112.06483125000001,112.06483125000001,189.7212,89.9871
604,snn,nsson,jetson_emulator,300,offload,0.6726395730027983,82.5616,60.7342,60.7342,64.59,36.0931,112.06483125000001,112.06483125000001,189.8318,89.98
605,snn,nsson,jetson_emulator,300,offload,0.670089306241027,82.5921,60.39,60.39,64.3634,36.1207,112.06483125000001,112.06483125000001,189.9425,89.9675
606,snn,nsson,jetson_emulator,300,local,0.6782329058956342,82.7167,59.4157,82.7167,86.1404,33.4141,112.06483125000001,112.06483125000001,204.5488,89.9579
607,snn,nsson,jetson_emulator,300,local,0.68,83.4851,60.5509,83.4851,85.9267,33.3599,112.06483125000001,112.06483125000001,204.6679,89.977
608,snn,nsson,jetson_emulator,300,offload,0.6781531018821947,82.8915,59.1778,59.1778,61.969,36.2181,112.06483125000001,112.06483125000001,190.2746,89.8706
609,snn,nsson,jetson_emulator,300,offload,0.6766775711212725,82.9016,59.6386,59.6386,63.0954,36.181,112.06483125000001,112.06483125000001,190.3853,89.9968
610,snn,nsson,jetson_emulator,300,offload,0.6789689526749931,83.8115,59.3766,59.3766,62.2212,36.202,112.06483125000001,112.06483125000001,190.4959,89.8814
611,snn,nsson,jetson_emulator,300,offload,0.6707131328816068,83.3684,60.1085,60.1085,63.8701,36.1432,112.06483125000001,112.06483125000001,190.6066,89.9694
612,snn,nsson,jetson_emulator,300,offload,0.68,83.7542,60.2894,60.2894,63.6602,36.1287,112.06483125000001,112.06483125000001,190.7173,89.9262
613,snn,nsson,jetson_emulator,300,local,0.68,83.2441,59.8006,83.2441,87.1859,33.3769,112.06483125000001,112.06483125000001,205.3827,89.9861
614,snn,nsson,jetson_emulator,300,offload,0.68,83.2943,59.4489,59.4489,62.2919,36.1962,112.06483125000001,112.06483125000001,190.9387,89.9192
615,snn,nsson,jetson_emulator,300,offload,0.6727041084456095,83.4492,59.6538,59.6538,62.6325,36.1797,112.06483125000001,112.06483125000001,191.0493,89.9857
616,snn,nsson,jetson_emulator,300,local,0.6793640506217713,83.7134,59.7428,83.7134,87.2147,33.3438,112.06483125000001,112.06483125000001,205.74,89.9617
617,snn,nsson,jetson_emulator,300,offload,0.6729352679372989,84.036,60.0643,60.0643,62.8388,36.1468,112.06483125000001,112.06483125000001,191.2707,89.8797
618,snn,nsson,jetson_emulator,300,local,0.6675358368324953,83.6829,61.2258,83.6829,88.155,33.346,112.06483125000001,112.06483125000001,205.9783,89.967
619,snn,nsson,jetson_emulator,300,local,0.68,83.5901,60.8134,83.5901,87.5631,33.3525,112.06483125000001,112.06483125000001,206.0974,89.9613
620,snn,nsson,jetson_emulator,300,offload,0.6766446189585831,83.7816,59.8297,59.8297,63.722,36.1656,112.06483125000001,112.06483125000001,191.6028,89.9793
621,snn,nsson,jetson_emulator,300,offload,0.68,84.1591,60.5108,60.5108,63.7717,36.111,112.06483125000001,112.06483125000001,191.7134,90.0267
622,snn,nsson,jetson_emulator,300,offload,0.6798994269643566,83.6205,59.8019,59.8019,63.3854,36.1678,112.06483125000001,112.06483125000001,191.8241,89.8962
623,snn,nsson,jetson_emulator,300,local,0.6676808983199233,83.8198,61.7233,83.8198,87.1868,33.3364,112.06483125000001,112.06483125000001,206.5739,89.992
624,snn,nsson,jetson_emulator,300,local,0.6594138798223916,83.8687,60.8671,83.8687,86.9999,33.3329,112.06483125000001,112.06483125000001,206.693,89.9502
625,snn,nsson,jetson_emulator,300,offload,0.6654278213039413,83.9598,60.1398,60.1398,62.8591,36.1407,112.06483125000001,112.06483125000001,192.1562,90.0276
626,snn,nsson,jetson_emulator,300,offload,0.662880431796856,83.8873,60.9394,60.9394,64.1677,36.0767,112.06483125000001,112.06483125000001,192.2668,89.9079
627,snn,nsson,jetson_emulator,300,local,0.6623171767950727,84.1593,60.8218,84.1593,87.2699,33.3125,112.06483125000001,112.06483125000001,207.0504,90.0797
628,snn,nsson,jetson_emulator,300,offload,0.6616559825987873,84.2607,61.2359,61.2359,64.0761,36.053,112.06483125000001,112.06483125000001,192.4882,89.9371
629,snn,nsson,jetson_emulator,300,local,0.6639914717726504,84.9343,61.505,84.9343,88.2133,33.2582,112.06483125000001,112.06483125000001,207.2886,90.0072
630,snn,nsson,jetson_emulator,300,offload,0.6687178584458271,84.1065,62.1192,62.1192,65.1319,35.9827,112.06483125000001,112.06483125000001,192.7096,89.9719
631,snn,nsson,jetson_emulator,300,offload,0.6646490982156849,83.9202,61.341,61.341,63.6615,36.0447,112.06483125000001,112.06483125000001,192.8203,89.9594
632,snn,nsson,jetson_emulator,300,offload,0.6609980341455111,85.1439,60.1398,60.1398,63.3831,36.1407,112.06483125000001,112.06483125000001,192.9309,89.9425
633,snn,nsson,jetson_emulator,300,offload,0.6695120874102936,84.4185,60.4068,60.4068,63.4013,36.1193,112.06483125000001,112.06483125000001,193.0416,90.0727
634,snn,nsson,jetson_emulator,300,local,0.6589676130059934,84.0578,60.7857,84.0578,87.7203,33.3196,112.06483125000001,112.06483125000001,207.8843,89.9264
635,snn,nsson,jetson_emulator,300,offload,0.6615455463620454,84.0656,60.4621,60.4621,63.905,36.1149,112.06483125000001,112.06483125000001,193.263,89.9493
636,snn,nsson,jetson_emulator,300,local,0.6591893883443649,84.8246,61.3489,84.8246,88.0089,33.2659,112.06483125000001,112.06483125000001,208.1225,89.9889
637,snn,nsson,jetson_emulator,300,offload,0.6663712133087338,84.1021,60.8258,60.8258,64.1177,36.0858,112.06483125000001,112.06483125000001,193.4843,90.0206
638,snn,nsson,jetson_emulator,300,offload,0.6635164239488456,84.2236,60.2515,60.2515,63.4159,36.1318,112.06483125000001,112.06483125000001,193.595,89.9805
639,snn,nsson,jetson_emulator,300,offload,0.6601607518182654,84.0381,60.1919,60.1919,63.1459,36.1366,112.06483125000001,112.06483125000001,193.7057,89.9539
640,snn,nsson,jetson_emulator,300,offload,0.6593490522572536,84.1432,60.1782,60.1782,62.827,36.1377,112.06483125000001,112.06483125000001,193.8164,89.9886
641,snn,nsson,jetson_emulator,300,local,0.6542167025464679,84.1687,60.7623,84.1687,87.1791,33.3119,112.06483125000001,112.06483125000001,208.7181,89.9961
642,snn,nsson,jetson_emulator,300,offload,0.652227745339464,84.3179,60.7958,60.7958,64.3227,36.0882,112.06483125000001,112.06483125000001,194.0378,89.9173
643,snn,nsson,jetson_emulator,300,local,0.6543541476802398,84.3442,60.1361,84.3442,87.7346,33.2996,112.06483125000001,112.06483125000001,208.9564,89.9899
644,snn,nsson,jetson_emulator,300,offload,0.6573629629740059,84.5731,60.7438,60.7438,63.2855,36.0924,112.06483125000001,112.06483125000001,194.2591,90.0107
645,snn,nsson,jetson_emulator,300,offload,0.6575501566812526,84.6904,60.3701,60.3701,63.5258,36.1223,112.06483125000001,112.06483125000001,194.3698,89.8343
646,snn,nsson,jetson_emulator,300,offload,0.649194661078394,84.441,61.1325,61.1325,64.491,36.0613,112.06483125000001,112.06483125000001,194.4805,89.9083
647,snn,nsson,jetson_emulator,300,offload,0.6453580362405208,84.1112,60.1406,60.1406,63.4139,36.1407,112.06483125000001,112.06483125000001,194.5912,89.9016
648,snn,nsson,jetson_emulator,300,offload,0.646781046402575,85.2184,60.6371,60.6371,63.6103,36.1009,112.06483125000001,112.06483125000001,194.7019,90.0299
649,snn,nsson,jetson_emulator,300,local,0.6495553626318299,84.9265,60.1916,84.9265,88.6207,33.2588,112.06483125000001,112.06483125000001,209.6711,89.97
650,snn,nsson,jetson_emulator,300,local,0.6394690044921144,84.1972,60.6189,84.1972,87.4745,33.3099,112.06483125000001,112.06483125000001,209.7902,89.9415
651,snn,nsson,jetson_emulator,300,offload,0.6469039195846602,84.5164,60.8774,60.8774,63.0502,36.0817,112.06483125000001,112.06483125000001,195.0339,89.9678
652,snn,nsson,jetson_emulator,300,offload,0.649539138468354,84.6607,60.6818,60.6818,63.8665,36.0973,112.06483125000001,112.06483125000001,195.1446,90.0327
653,snn,nsson,jetson_emulator,300,local,0.6488772117931546,84.3405,60.185,84.3405,87.9941,33.2998,112.06483125000001,112.06483125000001,210.1476,89.9939
654,snn,nsson,jetson_emulator,300,local,0.6476945957471345,84.5162,60.9002,84.5162,87.855,33.2875,112.06483125000001,112.06483125000001,210.2667,89.8402
655,snn,nsson,jetson_emulator,300,offload,0.6373084505767841,84.3914,60.8935,60.8935,63.5236,36.0804,112.06483125000001,112.06483125000001,195.4766,89.9336
656,snn,nsson,jetson_emulator,300,offload,0.6443714863228437,83.992,60.8796,60.8796,65.0719,36.0815,112.06483125000001,112.06483125000001,195.5873,89.9712
657,snn,nsson,jetson_emulator,300,local,0.6439391974144943,84.1752,60.0461,84.1752,87.8062,33.3114,112.06483125000001,112.06483125000001,210.6241,89.9784
658,snn,nsson,jetson_emulator,300,offload,0.6361641907324112,84.7536,60.6428,60.6428,64.2614,36.1004,112.06483125000001,112.06483125000001,195.8087,89.957
659,snn,nsson,jetson_emulator,300,offload,0.6328696363597329,84.0968,60.2075,60.2075,63.2456,36.1353,112.06483125000001,112.06483125000001,195.9194,90.0069
660,snn,nsson,jetson_emulator,300,offload,0.636361158563666,84.25,60.5985,60.5985,64.1102,36.104,112.06483125000001,112.06483125000001,196.03,90.0283
661,snn,nsson,jetson_emulator,300,offload,0.6449715062354507,84.7819,60.0627,60.0627,63.6251,36.1469,112.06483125000001,112.06483125000001,196.1407,89.9187
662,snn,nsson,jetson_emulator,300,local,0.6496593650322686,84.2968,60.9086,84.2968,87.5718,33.3029,112.06483125000001,112.06483125000001,211.2197,89.9623
663,snn,nsson,jetson_emulator,300,offload,0.6409552268515689,84.1542,61.2352,61.2352,64.7364,36.0531,112.06483125000001,112.06483125000001,196.3621,89.9113
664,snn,nsson,jetson_emulator,300,offload,0.6439562149987489,84.8575,60.1435,60.1435,63.5072,36.1404,112.06483125000001,112.06483125000001,196.4728,90.042
665,snn,nsson,jetson_emulator,300,local,0.6436234710737602,83.7397,60.1446,83.7397,86.6087,33.342,112.06483125000001,112.06483125000001,211.5771,90.0011
666,snn,nsson,jetson_emulator,300,offload,0.6396475123408041,83.9403,60.0459,60.0459,62.8082,36.1483,112.06483125000001,112.06483125000001,196.6941,90.0151
667,snn,nsson,jetson_emulator,300,offload,0.6350046982261269,83.8457,60.2186,60.2186,63.5667,36.1344,112.06483125000001,112.06483125000001,196.8048,90.007
668,snn,nsson,jetson_emulator,300,offload,0.6396970671481457,83.9405,60.7469,60.7469,64.0209,36.0921,112.06483125000001,112.06483125000001,196.9155,89.9005
669,snn,nsson,jetson_emulator,300,offload,0.6377358282700655,83.9796,60.3433,60.3433,63.3964,36.1244,112.06483125000001,112.06483125000001,197.0262,89.9683
670,snn,nsson,jetson_emulator,300,offload,0.6381975782163752,84.8286,59.9358,59.9358,63.2122,36.1571,112.06483125000001,112.06483125000001,197.1369,90.0022
671,snn,nsson,jetson_emulator,300,offload,0.6362908097739544,83.634,59.9831,59.9831,62.9781,36.1533,112.06483125000001,112.06483125000001,197.2475,89.9695
672,snn,nsson,jetson_emulator,300,offload,0.6362216535349843,83.7134,60.355,60.355,63.7256,36.1235,112.06483125000001,112.06483125000001,197.3582,89.8908
673,snn,nsson,jetson_emulator,300,local,0.6329680024288249,83.8521,60.4194,83.8521,86.9015,33.3341,112.06483125000001,112.06483125000001,212.5301,89.9766
674,snn,nsson,jetson_emulator,300,offload,0.6297509328179859,83.5393,60.3121,60.3121,63.8751,36.1269,112.06483125000001,112.06483125000001,197.5796,90.0168
675,snn,nsson,jetson_emulator,300,local,0.6249856550577481,84.0786,59.8205,84.0786,87.7657,33.3182,112.06483125000001,112.06483125000001,212.7683,90.0627
676,snn,nsson,jetson_emulator,300,offload,0.6315018595623182,83.7947,60.343,60.343,64.0301,36.1244,112.06483125000001,112.06483125000001,197.8009,89.9569
677,snn,nsson,jetson_emulator,300,offload,0.6241391620684986,84.5594,59.6005,59.6005,62.308,36.184,112.06483125000001,112.06483125000001,197.9116,89.883
678,snn,nsson,jetson_emulator,300,offload,0.6161268533601364,83.2158,59.4665,59.4665,62.9698,36.1948,112.06483125000001,112.06483125000001,198.0223,89.986
679,snn,nsson,jetson_emulator,300,offload,0.6122470698365972,83.2796,59.7931,59.7931,62.4077,36.1686,112.06483125000001,112.06483125000001,198.133,89.9301
680,snn,nsson,jetson_emulator,300,offload,0.6154414119057152,83.3907,59.5508,59.5508,62.8059,36.188,112.06483125000001,112.06483125000001,198.2437,89.9504
681,snn,nsson,jetson_emulator,300,offload,0.6108699431023344,84.2159,59.5985,59.5985,61.9509,36.1842,112.06483125000001,112.06483125000001,198.3544,89.9656
682,snn,nsson,jetson_emulator,300,offload,0.6031123555599077,83.4683,59.6904,59.6904,62.4245,36.1768,112.06483125000001,112.06483125000001,198.465,89.9736
683,snn,nsson,jetson_emulator,300,local,0.6003772280529273,83.8853,60.6679,83.8853,87.8576,33.3318,112.06483125000001,112.06483125000001,213.7213,89.9641
684,snn,nsson,jetson_emulator,300,offload,0.6056153435134949,83.4798,60.7056,60.7056,64.4956,36.0954,112.06483125000001,112.06483125000001,198.6864,89.9349
685,snn,nsson,jetson_emulator,300,local,0.605295663138338,83.2221,60.6987,83.2221,86.8986,33.3784,112.06483125000001,112.06483125000001,213.9596,89.9472
686,snn,nsson,jetson_emulator,300,offload,0.6092351206043749,82.8951,59.9395,59.9395,63.3136,36.1568,112.06483125000001,112.06483125000001,198.9078,89.9295
687,snn,nsson,jetson_emulator,300,local,0.6157955211540563,83.1538,60.3181,83.1538,85.7627,33.3832,112.06483125000001,112.06483125000001,214.1978,89.8513
688,snn,nsson,jetson_emulator,300,offload,0.6080880660089707,82.7618,59.4859,59.4859,63.0707,36.1932,112.06483125000001,112.06483125000001,199.1291,90.0263
689,snn,nsson,jetson_emulator,300,offload,0.6096390466278613,83.2721,59.875,59.875,63.6582,36.162,112.06483125000001,112.06483125000001,199.2398,89.9842
690,snn,nsson,jetson_emulator,300,offload,0.6081708245846879,82.8854,59.9554,59.9554,62.7112,36.1555,112.06483125000001,112.06483125000001,199.3505,89.8951
691,snn,nsson,jetson_emulator,300,local,0.6045059429482131,82.9713,59.0593,82.9713,85.9903,33.3961,112.06483125000001,112.06483125000001,214.6743,89.901
692,snn,nsson,jetson_emulator,300,local,0.6017220846172779,82.6682,59.2933,82.6682,85.6847,33.4175,112.06483125000001,112.06483125000001,214.7934,89.9992
693,snn,nsson,jetson_emulator,300,offload,0.6044155680068131,82.2758,59.5236,59.5236,62.6082,36.1902,112.06483125000001,112.06483125000001,199.6825,90.0558
694,snn,nsson,jetson_emulator,300,offload,0.6100389745006086,82.4283,59.2583,59.2583,63.4591,36.2116,112.06483125000001,112.06483125000001,199.7932,89.9956
695,snn,nsson,jetson_emulator,300,local,0.6182708274083113,82.7307,59.7622,82.7307,86.3803,33.4131,112.06483125000001,112.06483125000001,215.1508,89.9999
696,snn,nsson,jetson_emulator,300,local,0.6058147304804931,82.2044,59.4522,82.2044,85.3684,33.4503,112.06483125000001,112.06483125000001,215.2699,89.9202
697,snn,nsson,jetson_emulator,300,offload,0.6137918874257237,82.2019,59.3911,59.3911,62.2339,36.2009,112.06483125000001,112.06483125000001,200.1253,90.0032
698,snn,nsson,jetson_emulator,300,local,0.6101526542723683,82.423,58.9172,82.423,84.5521,33.4348,112.06483125000001,112.06483125000001,215.5082,89.8903
699,snn,nsson,jetson_emulator,300,local,0.6196446089136486,81.8463,59.3413,81.8463,84.3856,33.4756,112.06483125000001,112.06483125000001,215.6273,89.9087
700,snn,nsson,jetson_emulator,300,local,0.6136545647842754,82.104,58.5288,82.104,85.7432,33.4574,112.06483125000001,112.06483125000001,215.7464,89.9592
701,snn,nsson,jetson_emulator,300,offload,0.6111211813282419,81.814,59.8485,59.8485,62.481,36.1641,112.06483125000001,112.06483125000001,200.568,89.9978
702,snn,nsson,jetson_emulator,300,offload,0.6095035840804511,82.9071,58.6482,58.6482,61.6045,36.2608,112.06483125000001,112.06483125000001,200.6787,89.8576
703,snn,nsson,jetson_emulator,300,offload,0.6062088094426655,82.2095,59.4825,59.4825,62.379,36.1935,112.06483125000001,112.06483125000001,200.7894,89.9424
704,snn,nsson,jetson_emulator,300,offload,0.6004432538551858,82.4428,59.5128,59.5128,62.8785,36.1911,112.06483125000001,112.06483125000001,200.9,89.9772
705,snn,nsson,jetson_emulator,300,offload,0.5993973034273958,81.4622,58.3255,58.3255,62.7073,36.2868,112.06483125000001,112.06483125000001,201.0107,89.9918
706,snn,nsson,jetson_emulator,300,local,0.5938623008980087,81.3895,58.2125,81.3895,85.1781,33.508,112.06483125000001,112.06483125000001,216.4612,89.9624
707,snn,nsson,jetson_emulator,300,offload,0.5932227186951106,81.5972,59.4355,59.4355,62.4703,36.1973,112.06483125000001,112.06483125000001,201.2321,89.9868
708,snn,nsson,jetson_emulator,300,offload,0.5812107648285678,81.2499,58.6765,58.6765,61.2575,36.2585,112.06483125000001,112.06483125000001,201.3428,90.0429
709,snn,nsson,jetson_emulator,300,offload,0.5759962205313288,81.6766,58.7748,58.7748,62.7184,36.2505,112.06483125000001,112.06483125000001,201.4534,90.0215
710,snn,nsson,jetson_emulator,300,offload,0.5691013097140863,81.6162,58.3126,58.3126,61.3652,36.2879,112.06483125000001,112.06483125000001,201.5641,90.0348
711,snn,nsson,jetson_emulator,300,offload,0.5740515865450548,81.6574,57.9988,57.9988,61.1232,36.3133,112.06483125000001,112.06483125000001,201.6748,89.9953
712,snn,nsson,jetson_emulator,300,offload,0.5731346927369789,81.1814,58.2539,58.2539,61.948,36.2926,112.06483125000001,112.06483125000001,201.7855,90.0236
713,snn,nsson,jetson_emulator,300,offload,0.578876679716007,81.4091,58.1415,58.1415,61.7628,36.3017,112.06483125000001,112.06483125000001,201.8962,89.9773
714,snn,nsson,jetson_emulator,300,local,0.5786916685571931,81.5191,59.259,81.5191,84.5992,33.4988,112.06483125000001,112.06483125000001,217.4142,89.947
715,snn,nsson,jetson_emulator,300,offload,0.5678540990247161,81.3135,58.4537,58.4537,61.809,36.2765,112.06483125000001,112.06483125000001,202.1175,89.9874
716,snn,nsson,jetson_emulator,300,offload,0.5567774142331223,80.7272,58.1351,58.1351,61.5973,36.3022,112.06483125000001,112.06483125000001,202.2282,90.0348
717,snn,nsson,jetson_emulator,300,local,0.5568738067547961,80.7993,58.5716,80.7993,82.5665,33.55,112.06483125000001,112.06483125000001,217.7715,89.9584
718,snn,nsson,jetson_emulator,300,offload,0.5367212596249703,81.2331,57.9363,57.9363,61.2286,36.3183,112.06483125000001,112.06483125000001,202.4496,89.9246
719,snn,nsson,jetson_emulator,300,local,0.5322082270947217,80.8163,57.8571,80.8163,84.2534,33.5488,112.06483125000001,112.06483125000001,218.0098,89.9455
720,snn,nsson,jetson_emulator,300,offload,0.5309599882090467,80.7887,57.6812,57.6812,61.229,36.339,112.06483125000001,112.06483125000001,202.671,89.9556
721,snn,nsson,jetson_emulator,300,local,0.5325738535284595,80.993,57.9222,80.993,84.4934,33.5362,112.06483125000001,112.06483125000001,218.248,89.9784
722,snn,nsson,jetson_emulator,300,offload,0.5365823493772557,80.8678,58.0073,58.0073,61.7964,36.3126,112.06483125000001,112.06483125000001,202.8923,90.0128
723,snn,nsson,jetson_emulator,300,offload,0.5422939740739181,81.6682,59.1361,59.1361,62.5285,36.2214,112.06483125000001,112.06483125000001,203.003,90.0022
724,snn,nsson,jetson_emulator,300,offload,0.5495145659882623,80.9822,58.0388,58.0388,61.3894,36.31,112.06483125000001,112.06483125000001,203.1137,89.9197
725,snn,nsson,jetson_emulator,300,offload,0.5536984273130859,80.1707,58.0151,58.0151,60.854,36.3119,112.06483125000001,112.06483125000001,203.2244,89.9703
726,snn,nsson,jetson_emulator,300,local,0.5480215105093493,81.2365,57.6567,81.2365,84.6136,33.5189,112.06483125000001,112.06483125000001,218.8436,90.013
727,snn,nsson,jetson_emulator,300,offload,0.545903184380719,80.8105,58.0139,58.0139,61.3724,36.312,112.06483125000001,112.06483125000001,203.4457,89.9455
728,snn,nsson,jetson_emulator,300,offload,0.5427785970293815,80.1742,57.5615,57.5615,60.1991,36.3487,112.06483125000001,112.06483125000001,203.5564,89.9308
729,snn,nsson,jetson_emulator,300,offload,0.5442748387288047,79.9681,58.2547,58.2547,61.2851,36.2925,112.06483125000001,112.06483125000001,203.6671,89.9332
730,snn,nsson,jetson_emulator,300,offload,0.5368916558009169,80.1337,57.1522,57.1522,60.3696,36.3819,112.06483125000001,112.06483125000001,203.7778,89.9243
731,snn,nsson,jetson_emulator,300,local,0.5359728190416735,79.9314,58.1722,79.9314,83.3736,33.6119,112.06483125000001,112.06483125000001,219.4393,89.8405
732,snn,nsson,jetson_emulator,300,local,0.532320038498342,80.1794,57.8425,80.1794,82.4369,33.5942,112.06483125000001,112.06483125000001,219.5584,89.9116
733,snn,nsson,jetson_emulator,300,local,0.5324389207684193,79.8078,57.4111,79.8078,83.7856,33.6207,112.06483125000001,112.06483125000001,219.6775,89.9154
734,snn,nsson,jetson_emulator,300,offload,0.53370577559494,80.41,57.0529,57.0529,59.8714,36.39,112.06483125000001,112.06483125000001,204.2205,89.9926
735,snn,nsson,jetson_emulator,300,offload,0.5416742607098711,79.9349,57.3253,57.3253,60.0571,36.3679,112.06483125000001,112.06483125000001,204.3312,89.9306
736,snn,nsson,jetson_emulator,300,local,0.5473190757651311,80.6286,57.184,80.6286,83.5456,33.5622,112.06483125000001,112.06483125000001,220.0349,89.9863
737,snn,nsson,jetson_emulator,300,offload,0.5484499136091534,80.167,57.3161,57.3161,61.031,36.3686,112.06483125000001,112.06483125000001,204.5525,89.9908
738,snn,nsson,jetson_emulator,300,offload,0.546478908760331,80.2493,56.8796,56.8796,60.3294,36.4041,112.06483125000001,112.06483125000001,204.6632,89.9842
739,snn,nsson,jetson_emulator,300,offload,0.5477231255544015,79.7804,57.4597,57.4597,60.696,36.357,112.06483125000001,112.06483125000001,204.7739,89.8994
740,snn,nsson,jetson_emulator,300,local,0.5383330290505955,79.987,57.6022,79.987,82.3739,33.6079,112.06483125000001,112.06483125000001,220.5114,89.9071
741,snn,nsson,jetson_emulator,300,offload,0.5410247188953634,80.1899,56.8854,56.8854,60.0264,36.4036,112.06483125000001,112.06483125000001,204.9953,89.7827
742,snn,nsson,jetson_emulator,300,local,0.5413189226729582,79.7332,56.8037,79.7332,83.0558,33.6261,112.06483125000001,112.06483125000001,220.7496,89.9768
743,snn,nsson,jetson_emulator,300,offload,0.531797475626861,79.5962,57.7526,57.7526,60.5966,36.3332,112.06483125000001,112.06483125000001,205.2166,89.927
744,snn,nsson,jetson_emulator,300,offload,0.5262673423888473,79.4354,56.9309,56.9309,60.0835,36.3999,112.06483125000001,112.06483125000001,205.3273,89.9103
745,snn,nsson,jetson_emulator,300,offload,0.5298129519398698,79.3874,58.1263,58.1263,61.3238,36.3029,112.06483125000001,112.06483125000001,205.438,89.9408
746,snn,nsson,jetson_emulator,300,local,0.5385158464578789,79.6965,56.7139,79.6965,83.0984,33.6287,112.06483125000001,112.06483125000001,221.2261,89.9064
747,snn,nsson,jetson_emulator,300,local,0.538947590702684,79.4009,57.8375,79.4009,83.2293,33.6499,112.06483125000001,112.06483125000001,221.3452,89.995
748,snn,nsson,jetson_emulator,300,local,0.5424756460569066,79.5558,56.9751,79.5558,83.8062,33.6388,112.06483125000001,112.06483125000001,221.4644,89.9643
749,snn,nsson,jetson_emulator,300,offload,0.5485264651534427,79.5265,56.8382,56.8382,60.5278,36.4075,112.06483125000001,112.06483125000001,205.8807,90.0154
750,snn,nsson,jetson_emulator,300,offload,0.5483586294016098,79.4256,57.028,57.028,59.7245,36.392,112.06483125000001,112.06483125000001,205.9914,90.0289
751,snn,nsson,jetson_emulator,300,offload,0.5343605920853772,80.0201,56.7228,56.7228,60.4481,36.4169,112.06483125000001,112.06483125000001,206.1021,89.986
752,snn,nsson,jetson_emulator,300,local,0.5283121188662566,79.4904,57.3004,79.4904,81.7598,33.6434,112.06483125000001,112.06483125000001,221.9409,90.0129
753,snn,nsson,jetson_emulator,300,local,0.5285685724236556,79.586,57.8731,79.586,82.9183,33.6366,112.06483125000001,112.06483125000001,222.06,90.0405
754,snn,nsson,jetson_emulator,300,offload,0.5301794204727431,79.5179,56.922,56.922,60.2881,36.4007,112.06483125000001,112.06483125000001,206.4341,89.967
755,snn,nsson,jetson_emulator,300,offload,0.5258680671122982,79.1368,56.6956,56.6956,60.2622,36.4191,112.06483125000001,112.06483125000001,206.5448,89.9193
756,snn,nsson,jetson_emulator,300,local,0.5324092815408642,79.2039,56.6977,79.2039,81.5278,33.664,112.06483125000001,112.06483125000001,222.4174,89.9374
757,snn,nsson,jetson_emulator,300,offload,0.5366192166083599,79.1394,57.1201,57.1201,59.9131,36.3845,112.06483125000001,112.06483125000001,206.7662,90.0517
758,snn,nsson,jetson_emulator,300,local,0.533349476342139,79.4447,57.0815,79.4447,82.6444,33.6467,112.06483125000001,112.06483125000001,222.6556,89.9264
759,snn,nsson,jetson_emulator,300,offload,0.5348282534306978,79.254,56.8319,56.8319,60.2804,36.408,112.06483125000001,112.06483125000001,206.9875,90.0173
760,snn,nsson,jetson_emulator,300,offload,0.5398239134441168,79.4766,58.6763,58.6763,61.7237,36.2585,112.06483125000001,112.06483125000001,207.0982,89.9593
761,snn,nsson,jetson_emulator,300,offload,0.5370693692749303,79.4023,56.8702,56.8702,60.4699,36.4049,112.06483125000001,112.06483125000001,207.2089,90.0479
762,snn,nsson,jetson_emulator,300,offload,0.542982866555542,80.2371,56.9547,56.9547,60.4581,36.398,112.06483125000001,112.06483125000001,207.3196,89.9746
763,snn,nsson,jetson_emulator,300,local,0.5450811454671161,79.5325,56.9764,79.5325,82.3298,33.6404,112.06483125000001,112.06483125000001,223.2512,90.0068
764,snn,nsson,jetson_emulator,300,offload,0.5475557818535257,79.4182,56.6741,56.6741,60.0556,36.4208,112.06483125000001,112.06483125000001,207.541,89.8755
765,snn,nsson,jetson_emulator,300,local,0.5355087702167365,79.651,56.9272,79.651,82.6787,33.632,112.06483125000001,112.06483125000001,223.4895,90.0599
766,snn,nsson,jetson_emulator,300,offload,0.5427323053502435,80.4865,57.0583,57.0583,59.6531,36.3896,112.06483125000001,112.06483125000001,207.7623,89.9401
767,snn,nsson,jetson_emulator,300,local,0.539848741427702,79.7074,56.7374,79.7074,82.6807,33.6279,112.06483125000001,112.06483125000001,223.7277,90.0487
768,snn,nsson,jetson_emulator,300,local,0.5452236212487412,79.5107,57.8644,79.5107,82.3746,33.642,112.06483125000001,112.06483125000001,223.8468,89.9689
769,snn,nsson,jetson_emulator,300,offload,0.5446156791704785,79.4572,58.8612,58.8612,62.2261,36.2436,112.06483125000001,112.06483125000001,208.0944,89.909
770,snn,nsson,jetson_emulator,300,local,0.5449821450433658,79.9326,57.3726,79.9326,83.0336,33.6118,112.06483125000001,112.06483125000001,224.0851,90.0428
771,snn,nsson,jetson_emulator,300,offload,0.5406204084495756,79.643,57.4524,57.4524,60.5533,36.3575,112.06483125000001,112.06483125000001,208.3157,89.9726
772,snn,nsson,jetson_emulator,300,offload,0.5461654094370937,81.2152,57.3429,57.3429,60.7592,36.3664,112.06483125000001,112.06483125000001,208.4264,89.9656
773,snn,nsson,jetson_emulator,300,offload,0.5501186966781223,79.9747,57.2696,57.2696,60.4299,36.3724,112.06483125000001,112.06483125000001,208.5371,90.036
774,snn,nsson,jetson_emulator,300,offload,0.5593205503889406,80.0061,57.2676,57.2676,60.793,36.3726,112.06483125000001,112.06483125000001,208.6478,89.9173
775,snn,nsson,jetson_emulator,300,offload,0.5552285217022641,80.0608,57.6681,57.6681,61.2126,36.34,112.06483125000001,112.06483125000001,208.7585,90.0329
776,snn,nsson,jetson_emulator,300,offload,0.5571783237972525,79.9793,57.694,57.694,60.7183,36.338,112.06483125000001,112.06483125000001,208.8691,89.9242
777,snn,nsson,jetson_emulator,300,offload,0.5488445050563122,80.1129,57.2248,57.2248,60.3506,36.376,112.06483125000001,112.06483125000001,208.9798,89.9675
778,snn,nsson,jetson_emulator,300,offload,0.5359718911017539,79.8809,57.0852,57.0852,59.8247,36.3874,112.06483125000001,112.06483125000001,209.0905,89.9801
779,snn,nsson,jetson_emulator,300,offload,0.5386675121584542,79.8505,57.3592,57.3592,60.4789,36.3651,112.06483125000001,112.06483125000001,209.2012,89.9077
780,snn,nsson,jetson_emulator,300,offload,0.5374805490497091,79.8738,57.272,57.272,60.229,36.3722,112.06483125000001,112.06483125000001,209.3119,89.8792
781,snn,nsson,jetson_emulator,300,offload,0.5378516543572988,80.4408,58.6149,58.6149,61.8857,36.2634,112.06483125000001,112.06483125000001,209.4225,89.9558
782,snn,nsson,jetson_emulator,300,local,0.5491022762510644,80.7115,57.1672,80.7115,83.8713,33.5563,112.06483125000001,112.06483125000001,225.5146,89.9425
783,snn,nsson,jetson_emulator,300,offload,0.5482255990313665,80.2593,57.6261,57.6261,60.2182,36.3435,112.06483125000001,112.06483125000001,209.6439,89.9435
784,snn,nsson,jetson_emulator,300,offload,0.5488376839300776,80.7482,57.9522,57.9522,60.4376,36.317,112.06483125000001,112.06483125000001,209.7546,90.0352
785,snn,nsson,jetson_emulator,300,offload,0.5418092507467912,80.2676,57.681,57.681,60.9262,36.339,112.06483125000001,112.06483125000001,209.8653,89.9681
786,snn,nsson,jetson_emulator,300,local,0.55643377511225,80.1446,58.4769,80.1446,82.9877,33.5967,112.06483125000001,112.06483125000001,225.9911,90.0567
787,snn,nsson,jetson_emulator,300,offload,0.5548819771069322,80.3226,58.5873,58.5873,61.6221,36.2657,112.06483125000001,112.06483125000001,210.0866,89.987
788,snn,nsson,jetson_emulator,300,offload,0.5594872546871821,80.5622,58.0372,58.0372,60.7789,36.3101,112.06483125000001,112.06483125000001,210.1973,90.0069
789,snn,nsson,jetson_emulator,300,offload,0.5561929084488288,80.3516,58.169,58.169,61.683,36.2995,112.06483125000001,112.06483125000001,210.308,89.9404
790,snn,nsson,jetson_emulator,300,local,0.5619567880338437,81.1721,57.8742,81.1721,84.2792,33.5235,112.06483125000001,112.06483125000001,226.4676,89.9582
791,snn,nsson,jetson_emulator,300,offload,0.5581725741236147,80.6618,57.946,57.946,61.2281,36.3175,112.06483125000001,112.06483125000001,210.5294,89.8658
792,snn,nsson,jetson_emulator,300,local,0.5654206759209967,80.8232,58.7124,80.8232,84.2404,33.5483,112.06483125000001,112.06483125000001,226.7058,90.0348
793,snn,nsson,jetson_emulator,300,offload,0.5731139858020076,81.1415,57.9927,57.9927,62.1212,36.3138,112.06483125000001,112.06483125000001,210.7507,89.9302
794,snn,nsson,jetson_emulator,300,offload,0.5727043702957649,80.8644,57.9714,57.9714,61.4349,36.3155,112.06483125000001,112.06483125000001,210.8614,89.9758
795,snn,nsson,jetson_emulator,300,offload,0.5805009344185301,81.3146,58.9003,58.9003,61.6675,36.2404,112.06483125000001,112.06483125000001,210.9721,89.9841
796,snn,nsson,jetson_emulator,300,offload,0.572539903388024,80.9797,58.1395,58.1395,61.4912,36.3019,112.06483125000001,112.06483125000001,211.0828,89.9466
797,snn,nsson,jetson_emulator,300,offload,0.5686833488936394,80.9933,58.0521,58.0521,61.7095,36.3089,112.06483125000001,112.06483125000001,211.1935,90.0806
798,snn,nsson,jetson_emulator,300,local,0.5735219183276472,82.0033,58.313,82.0033,85.0379,33.4645,112.06483125000001,112.06483125000001,227.4206,89.9458
799,snn,nsson,jetson_emulator,300,local,0.5761797516081021,81.4843,58.4785,81.4843,84.5318,33.5013,112.06483125000001,112.06483125000001,227.5397,90.085
800,snn,nsson,jetson_emulator,300,offload,0.5800683612052151,81.3131,58.483,58.483,61.5735,36.2741,112.06483125000001,112.06483125000001,211.5255,89.9018
801,snn,nsson,jetson_emulator,300,local,0.584606661248548,81.6557,58.2971,81.6557,84.4949,33.4892,112.06483125000001,112.06483125000001,227.7779,90.011
802,snn,nsson,jetson_emulator,300,offload,0.585268394879805,81.7228,58.8365,58.8365,62.6352,36.2456,112.06483125000001,112.06483125000001,211.7469,89.947
803,snn,nsson,jetson_emulator,300,offload,0.5771773743939123,82.9921,58.9684,58.9684,62.163,36.2349,112.06483125000001,112.06483125000001,211.8576,89.9687
804,snn,nsson,jetson_emulator,300,offload,0.5750914340523127,81.812,59.0221,59.0221,61.8583,36.2306,112.06483125000001,112.06483125000001,211.9682,90.0387
805,snn,nsson,jetson_emulator,300,local,0.5659588929777649,82.4321,59.1586,82.4321,85.5029,33.4342,112.06483125000001,112.06483125000001,228.2544,89.9604
806,snn,nsson,jetson_emulator,300,offload,0.5654863707788617,83.0476,59.7558,59.7558,62.9224,36.1716,112.06483125000001,112.06483125000001,212.1896,89.9373
807,snn,nsson,jetson_emulator,300,offload,0.5521790181980836,82.11,59.2773,59.2773,62.3106,36.21,112.06483125000001,112.06483125000001,212.3003,89.9692
808,snn,nsson,jetson_emulator,300,offload,0.5478261251661898,83.1414,59.7461,59.7461,62.5631,36.1723,112.06483125000001,112.06483125000001,212.411,89.9939
809,snn,nsson,jetson_emulator,300,offload,0.5575977571214289,82.6918,60.1529,60.1529,64.0276,36.1397,112.06483125000001,112.06483125000001,212.5216,89.9523
810,snn,nsson,jetson_emulator,300,local,0.556756253122271,83.4106,59.3914,83.4106,86.6856,33.3651,112.06483125000001,112.06483125000001,228.85,89.9065
811,snn,nsson,jetson_emulator,300,offload,0.5576521053541595,83.0278,59.2874,59.2874,62.117,36.2092,112.06483125000001,112.06483125000001,212.743,89.9287
812,snn,nsson,jetson_emulator,300,offload,0.5528251868370153,82.7195,59.8223,59.8223,62.6893,36.1662,112.06483125000001,112.06483125000001,212.8537,89.9452
813,snn,nsson,jetson_emulator,300,offload,0.550960607914211,82.8692,59.2822,59.2822,62.3999,36.2096,112.06483125000001,112.06483125000001,212.9644,89.9743
814,snn,nsson,jetson_emulator,300,local,0.5550520832147182,82.9556,59.3716,82.9556,86.6582,33.3972,112.06483125000001,112.06483125000001,229.3265,89.9585
815,snn,nsson,jetson_emulator,300,offload,0.5560134759719145,83.0823,60.1339,60.1339,63.0033,36.1412,112.06483125000001,112.06483125000001,213.1857,89.8932
816,snn,nsson,jetson_emulator,300,offload,0.5556409449665984,84.0637,59.9118,59.9118,63.4919,36.159,112.06483125000001,112.06483125000001,213.2964,89.9693
817,snn,nsson,jetson_emulator,300,offload,0.5558588935515307,83.3991,59.8565,59.8565,63.3492,36.1635,112.06483125000001,112.06483125000001,213.4071,90.0208
818,snn,nsson,jetson_emulator,300,offload,0.5475969039114194,83.6806,60.2312,60.2312,62.7037,36.1334,112.06483125000001,112.06483125000001,213.5178,89.9903
819,snn,nsson,jetson_emulator,300,offload,0.5522436560708548,84.2758,61.1308,61.1308,64.0774,36.0614,112.06483125000001,112.06483125000001,213.6285,89.9042
820,snn,nsson,jetson_emulator,300,local,0.5509074381116446,83.8825,60.4571,83.8825,87.0805,33.332,112.06483125000001,112.06483125000001,230.0413,89.9936
821,snn,nsson,jetson_emulator,300,offload,0.5407967308982777,84.4745,60.298,60.298,63.6874,36.1281,112.06483125000001,112.06483125000001,213.8498,89.9413
822,snn,nsson,jetson_emulator,300,offload,0.5413524519456232,84.5481,60.8216,60.8216,63.7309,36.0861,112.06483125000001,112.06483125000001,213.9605,89.95
823,snn,nsson,jetson_emulator,300,offload,0.5432713814525542,85.2516,60.4949,60.4949,63.5908,36.1123,112.06483125000001,112.06483125000001,214.0712,89.9477
824,snn,nsson,jetson_emulator,300,offload,0.5423848430542534,85.4156,60.4023,60.4023,64.1506,36.1197,112.06483125000001,112.06483125000001,214.1819,89.8795
825,snn,nsson,jetson_emulator,300,local,0.5377208436649934,84.7784,61.1931,84.7784,87.7515,33.2691,112.06483125000001,112.06483125000001,230.6369,89.9516
826,snn,nsson,jetson_emulator,300,local,0.5408989894817895,85.2414,61.3372,85.2414,88.5924,33.2367,112.06483125000001,112.06483125000001,230.756,89.9591
827,snn,nsson,jetson_emulator,300,offload,0.5291380691170242,85.2945,61.0707,61.0707,64.7749,36.0662,112.06483125000001,112.06483125000001,214.5139,90.0006
828,snn,nsson,jetson_emulator,300,offload,0.538160924768824,85.4529,61.4445,61.4445,64.2376,36.0364,112.06483125000001,112.06483125000001,214.6246,90.0103
829,snn,nsson,jetson_emulator,300,offload,0.5384422447067597,86.2859,61.1815,61.1815,63.9613,36.0574,112.06483125000001,112.06483125000001,214.7353,90.0066
830,snn,nsson,jetson_emulator,300,local,0.5495481909186429,85.9153,61.215,85.9153,89.1172,33.1897,112.06483125000001,112.06483125000001,231.2325,89.9623
831,snn,nsson,jetson_emulator,300,offload,0.5481221154409756,85.6918,62.0032,62.0032,65.0206,35.9919,112.06483125000001,112.06483125000001,214.9566,89.9744
832,snn,nsson,jetson_emulator,300,offload,0.5578703913702651,85.7486,61.9523,61.9523,65.6813,35.996,112.06483125000001,112.06483125000001,215.0673,89.9904
833,snn,nsson,jetson_emulator,300,local,0.5582476587243659,85.9558,62.5753,85.9558,89.5496,33.1869,112.06483125000001,112.06483125000001,231.5899,89.8834
834,snn,nsson,jetson_emulator,300,offload,0.5576199373109575,86.9557,61.9254,61.9254,65.0692,35.9981,112.06483125000001,112.06483125000001,215.2887,89.8712
835,snn,nsson,jetson_emulator,300,offload,0.5619388836832331,87.8138,63.8171,63.8171,67.2147,35.8482,112.06483125000001,112.06483125000001,215.3994,89.9693
836,snn,nsson,jetson_emulator,300,local,0.5666623987977258,86.5573,61.746,86.5573,90.1794,33.1451,112.06483125000001,112.06483125000001,231.9473,89.9314
837,snn,nsson,jetson_emulator,300,offload,0.5685746983179243,86.6843,63.1443,63.1443,66.013,35.9014,112.06483125000001,112.06483125000001,215.6207,89.9232
838,snn,nsson,jetson_emulator,300,offload,0.5605803711185618,87.7541,62.9933,62.9933,66.5407,35.9133,112.06483125000001,112.06483125000001,215.7314,89.9464
839,snn,nsson,jetson_emulator,300,offload,0.5642716496904489,87.4369,62.5681,62.5681,66.1046,35.947,112.06483125000001,112.06483125000001,215.8421,90.0053
840,snn,nsson,jetson_emulator,300,offload,0.5566775769148125,88.3543,62.9367,62.9367,66.246,35.9178,112.06483125000001,112.06483125000001,215.9528,90.0383
841,snn,nsson,jetson_emulator,300,local,0.5507816907975173,87.4508,62.4593,87.4508,90.0875,33.0831,112.06483125000001,112.06483125000001,232.5429,89.8534
842,snn,nsson,jetson_emulator,300,offload,0.5618918578074289,87.8562,64.2707,64.2707,67.6505,35.8125,112.06483125000001,112.06483125000001,216.1741,90.0125
843,snn,nsson,jetson_emulator,300,offload,0.5436203776990093,87.8289,62.6903,62.6903,65.9305,35.9373,112.06483125000001,112.06483125000001,216.2848,89.9179
844,snn,nsson,jetson_emulator,300,local,0.5418192914336928,87.6255,62.8206,87.6255,91.2398,33.071,112.06483125000001,112.06483125000001,232.9003,90.0089
845,snn,nsson,jetson_emulator,300,offload,0.5428795630989589,88.5293,63.8501,63.8501,67.1066,35.8456,112.06483125000001,112.06483125000001,216.5062,89.9277
846,snn,nsson,jetson_emulator,300,offload,0.5435713741263163,88.1247,63.1222,63.1222,65.8747,35.9031,112.06483125000001,112.06483125000001,216.6169,90.0169
847,snn,nsson,jetson_emulator,300,offload,0.5564145138709488,89.0034,63.2952,63.2952,65.608,35.8894,112.06483125000001,112.06483125000001,216.7276,89.9993
848,snn,nsson,jetson_emulator,300,offload,0.5624037114565626,88.961,63.7665,63.7665,67.068,35.8522,112.06483125000001,112.06483125000001,216.8382,90.0034
849,snn,nsson,jetson_emulator,300,offload,0.5583631046982068,90.342,63.6401,63.6401,67.2002,35.8622,112.06483125000001,112.06483125000001,216.9489,89.8558
850,snn,nsson,jetson_emulator,300,local,0.5575617440947759,89.3864,65.1381,89.3864,92.3542,32.9497,112.06483125000001,112.06483125000001,233.615,89.904
851,snn,nsson,jetson_emulator,300,offload,0.5574095976835287,89.9485,63.9809,63.9809,67.2524,35.8353,112.06483125000001,112.06483125000001,217.1703,89.9942
852,snn,nsson,jetson_emulator,300,local,0.5562514559778683,89.1359,65.1593,89.1359,92.342,32.9669,112.06483125000001,112.06483125000001,233.8532,89.9704
853,snn,nsson,jetson_emulator,300,offload,0.5604381916337464,89.4153,64.9612,64.9612,68.0097,35.7582,112.06483125000001,112.06483125000001,217.3917,89.9376
854,snn,nsson,jetson_emulator,300,offload,0.5573898937048164,89.6258,64.0777,64.0777,68.215,35.8277,112.06483125000001,112.06483125000001,217.5023,89.945
855,snn,nsson,jetson_emulator,300,offload,0.5613657569204357,89.877,64.4701,64.4701,68.2371,35.7968,112.06483125000001,112.06483125000001,217.613,90.0401
856,snn,nsson,jetson_emulator,300,offload,0.564493272752716,90.1269,64.2716,64.2716,68.2714,35.8124,112.06483125000001,112.06483125000001,217.7237,89.9604
857,snn,nsson,jetson_emulator,300,offload,0.5689864963396424,90.0745,65.7775,65.7775,68.9726,35.6942,112.06483125000001,112.06483125000001,217.8344,89.9003
858,snn,nsson,jetson_emulator,300,offload,0.5763580666001108,90.1457,64.7061,64.7061,67.6262,35.7782,112.06483125000001,112.06483125000001,217.9451,89.8569
859,snn,nsson,jetson_emulator,300,offload,0.5744301520535893,91.0495,64.9454,64.9454,68.0553,35.7594,112.06483125000001,112.06483125000001,218.0557,89.9883
860,snn,nsson,jetson_emulator,300,offload,0.5719499924183151,90.4192,64.9649,64.9649,67.7864,35.7579,112.06483125000001,112.06483125000001,218.1664,89.9201
861,snn,nsson,jetson_emulator,300,offload,0.5722327311112023,90.6128,65.5047,65.5047,68.3021,35.7155,112.06483125000001,112.06483125000001,218.2771,89.965
862,snn,nsson,jetson_emulator,300,local,0.5702265044439284,91.3051,66.1159,91.3051,94.7734,32.8185,112.06483125000001,112.06483125000001,235.0445,89.9653
863,snn,nsson,jetson_emulator,300,local,0.5727387060995609,92.2878,65.0528,92.2878,95.5021,32.7517,112.06483125000001,112.06483125000001,235.1636,89.9324
864,snn,nsson,jetson_emulator,300,offload,0.579945364393259,91.1572,65.3093,65.3093,67.8304,35.7308,112.06483125000001,112.06483125000001,218.6092,90.0253
865,snn,nsson,jetson_emulator,300,offload,0.5736440500801988,91.5577,66.5149,66.5149,70.032,35.6366,112.06483125000001,112.06483125000001,218.7198,89.9483
866,snn,nsson,jetson_emulator,300,offload,0.5665357069252791,92.0481,65.7934,65.7934,69.3534,35.6929,112.06483125000001,112.06483125000001,218.8305,89.9632
867,snn,nsson,jetson_emulator,300,offload,0.5689808940743233,92.5828,65.9131,65.9131,69.9499,35.6836,112.06483125000001,112.06483125000001,218.9412,89.9293
868,snn,nsson,jetson_emulator,300,offload,0.567022105908741,92.1249,66.3964,66.3964,69.5089,35.6458,112.06483125000001,112.06483125000001,219.0519,89.9323
869,snn,nsson,jetson_emulator,300,offload,0.558471727359096,92.6857,67.0772,67.0772,70.7261,35.5928,112.06483125000001,112.06483125000001,219.1626,89.8927
870,snn,nsson,jetson_emulator,300,local,0.5704407271581426,92.2884,67.3548,92.2884,95.1662,32.7516,112.06483125000001,112.06483125000001,235.9975,89.9808
871,snn,nsson,jetson_emulator,300,offload,0.5694136172313967,92.577,66.1458,66.1458,70.183,35.6654,112.06483125000001,112.06483125000001,219.3839,89.9429
872,snn,nsson,jetson_emulator,300,offload,0.5714970749367636,92.8941,66.3021,66.3021,69.0976,35.6532,112.06483125000001,112.06483125000001,219.4946,89.9694
873,snn,nsson,jetson_emulator,300,local,0.5725526237438651,93.012,67.4455,93.012,96.8091,32.7026,112.06483125000001,112.06483125000001,236.3548,89.9169
874,snn,nsson,jetson_emulator,300,offload,0.5716267898050822,93.7172,66.3974,66.3974,69.1734,35.6458,112.06483125000001,112.06483125000001,219.716,89.8766
875,snn,nsson,jetson_emulator,300,offload,0.577410189292219,93.2809,67.54,67.54,70.116,35.5568,112.06483125000001,112.06483125000001,219.8267,89.8801
876,snn,nsson,jetson_emulator,300,offload,0.5781350144920883,93.5492,67.0242,67.0242,70.8228,35.5969,112.06483125000001,112.06483125000001,219.9373,89.887
877,snn,nsson,jetson_emulator,300,offload,0.5746731636899676,93.5839,66.8271,66.8271,69.9486,35.6123,112.06483125000001,112.06483125000001,220.048,90.0017
878,snn,nsson,jetson_emulator,300,offload,0.5691607570737264,93.795,67.8212,67.8212,70.8915,35.535,112.06483125000001,112.06483125000001,220.1587,89.9477
879,snn,nsson,jetson_emulator,300,local,0.575890416313988,93.7717,67.497,93.7717,97.2289,32.6513,112.06483125000001,112.06483125000001,237.0696,89.9201
880,snn,nsson,jetson_emulator,300,offload,0.576986209347735,93.7891,67.6842,67.6842,70.9933,35.5456,112.06483125000001,112.06483125000001,220.3801,90.0159
881,snn,nsson,jetson_emulator,300,offload,0.5768708177013007,94.214,67.2431,67.2431,70.9579,35.5799,112.06483125000001,112.06483125000001,220.4907,89.9332
882,snn,nsson,jetson_emulator,300,offload,0.5732309425128738,95.0059,67.339,67.339,70.6503,35.5725,112.06483125000001,112.06483125000001,220.6014,89.9451
883,snn,nsson,jetson_emulator,300,offload,0.56860226267628,94.5844,67.8575,67.8575,71.3769,35.5322,112.06483125000001,112.06483125000001,220.7121,89.9337
884,snn,nsson,jetson_emulator,300,local,0.5628855380569495,95.2471,68.6459,95.2471,98.0139,32.5521,112.06483125000001,112.06483125000001,237.6652,89.975
885,snn,nsson,jetson_emulator,300,offload,0.5728513601946987,94.5984,69.0436,69.0436,71.8999,35.4405,112.06483125000001,112.06483125000001,220.9335,90.0011
886,snn,nsson,jetson_emulator,300,local,0.5659313555282349,95.0117,68.711,95.0117,97.2437,32.5679,112.06483125000001,112.06483125000001,237.9035,89.9905
887,snn,nsson,jetson_emulator,300,local,0.5520085816363536,95.1255,68.4768,95.1255,98.4336,32.5603,112.06483125000001,112.06483125000001,238.0226,89.9692
888,snn,nsson,jetson_emulator,300,local,0.5571814794712221,95.9149,68.9198,95.9149,99.5457,32.5074,112.06483125000001,112.06483125000001,238.1417,90.0001
889,snn,nsson,jetson_emulator,300,offload,0.5519089852285387,95.1933,68.1716,68.1716,71.4257,35.5079,112.06483125000001,112.06483125000001,221.3762,89.9374
890,snn,nsson,jetson_emulator,300,offload,0.5567749220756604,95.653,69.0913,69.0913,72.5707,35.4368,112.06483125000001,112.06483125000001,221.4869,89.9794
891,snn,nsson,jetson_emulator,300,local,0.5590257015000142,95.4963,68.3754,95.4963,98.9668,32.5354,112.06483125000001,112.06483125000001,238.4991,89.9577
892,snn,nsson,jetson_emulator,300,offload,0.5633287930479697,96.9879,68.9744,68.9744,71.8262,35.4458,112.06483125000001,112.06483125000001,221.7082,89.9956
893,snn,nsson,jetson_emulator,300,offload,0.557653727715314,95.7315,68.8427,68.8427,71.5016,35.456,112.06483125000001,112.06483125000001,221.8189,89.917
894,snn,nsson,jetson_emulator,300,local,0.5531028344936336,96.2841,68.9428,96.2841,99.2432,32.4828,112.06483125000001,112.06483125000001,238.8564,89.9092
895,snn,nsson,jetson_emulator,300,local,0.5574145967341569,96.249,68.9625,96.249,99.8403,32.4851,112.06483125000001,112.06483125000001,238.9756,89.9846
896,snn,nsson,jetson_emulator,300,offload,0.570256972707961,96.7435,69.7741,69.7741,73.0835,35.3843,112.06483125000001,112.06483125000001,222.151,89.9551
897,snn,nsson,jetson_emulator,300,offload,0.5579035132459595,96.2768,69.3771,69.3771,72.9567,35.4148,112.06483125000001,112.06483125000001,222.2617,89.9604
898,snn,nsson,jetson_emulator,300,offload,0.5610087927067543,97.1438,70.4214,70.4214,73.3401,35.3346,112.06483125000001,112.06483125000001,222.3723,89.9583
899,snn,nsson,jetson_emulator,300,local,0.5563198860048405,97.1264,69.9548,97.1264,100.5947,32.4267,112.06483125000001,112.06483125000001,239.4521,89.9474
900,snn,nsson,jetson_emulator,300,offload,0.5643886985122197,97.2453,70.233,70.233,73.6469,35.349,112.06483125000001,112.06483125000001,222.5937,89.957
901,snn,nsson,jetson_emulator,300,offload,0.5696555299288092,97.0073,69.1744,69.1744,72.1283,35.4304,112.06483125000001,112.06483125000001,222.7044,89.9745
902,snn,nsson,jetson_emulator,300,local,0.5574338763688493,97.2084,69.536,97.2084,100.7263,32.4212,112.06483125000001,112.06483125000001,239.8094,90.0328
903,snn,nsson,jetson_emulator,300,local,0.5665174181395191,97.2885,70.7194,97.2885,99.9257,32.4159,112.06483125000001,112.06483125000001,239.9286,90.0372
904,snn,nsson,jetson_emulator,300,local,0.5641976734660858,97.4696,69.861,97.4696,100.1668,32.4039,112.06483125000001,112.06483125000001,240.0477,90.0202
905,snn,nsson,jetson_emulator,300,local,0.5653604509765786,97.5547,69.5042,97.5547,101.1234,32.3982,112.06483125000001,112.06483125000001,240.1668,89.9915
906,snn,nsson,jetson_emulator,300,offload,0.5681519987476116,97.4926,69.9273,69.9273,72.1024,35.3725,112.06483125000001,112.06483125000001,223.2578,90.0123
907,snn,nsson,jetson_emulator,300,offload,0.5694061586409591,98.0123,70.9908,70.9908,73.7886,35.291,112.06483125000001,112.06483125000001,223.3685,90.0167
908,snn,nsson,jetson_emulator,300,local,0.5695035576912403,97.5188,70.1623,97.5188,99.9655,32.4006,112.06483125000001,112.06483125000001,240.5242,89.9639
909,snn,nsson,jetson_emulator,300,offload,0.5715293415802857,97.8869,70.1643,70.1643,72.7727,35.3543,112.06483125000001,112.06483125000001,223.5898,89.9619
910,snn,nsson,jetson_emulator,300,offload,0.5674620637139945,97.9062,70.1942,70.1942,73.4708,35.352,112.06483125000001,112.06483125000001,223.7005,89.9903
911,snn,nsson,jetson_emulator,300,offload,0.5615711011420225,98.1178,70.2051,70.2051,73.0964,35.3512,112.06483125000001,112.06483125000001,223.8112,89.9665
912,snn,nsson,jetson_emulator,300,offload,0.5590247414475287,97.9775,70.5341,70.5341,73.8077,35.3259,112.06483125000001,112.06483125000001,223.9219,90.0095
913,snn,nsson,jetson_emulator,300,local,0.5641076911327326,98.2633,70.6713,98.2633,100.9153,32.3512,112.06483125000001,112.06483125000001,241.1198,89.9389
914,snn,nsson,jetson_emulator,300,offload,0.5551482260883714,98.19,70.2685,70.2685,73.8629,35.3463,112.06483125000001,112.06483125000001,224.1432,89.9588
915,snn,nsson,jetson_emulator,300,offload,0.5534014627318345,98.7677,70.8215,70.8215,73.5378,35.3039,112.06483125000001,112.06483125000001,224.2539,89.9749
916,snn,nsson,jetson_emulator,300,local,0.5533188700431013,98.8414,70.7017,98.8414,101.7815,32.313,112.06483125000001,112.06483125000001,241.4772,89.9463
917,snn,nsson,jetson_emulator,300,local,0.5575408184010155,98.695,70.5164,98.695,102.8736,32.3227,112.06483125000001,112.06483125000001,241.5963,89.8916
918,snn,nsson,jetson_emulator,300,local,0.562063647140708,99.408,71.2398,99.408,102.3486,32.2757,112.06483125000001,112.06483125000001,241.7154,89.8942
919,snn,nsson,jetson_emulator,300,local,0.5662468254406609,99.1423,71.5834,99.1423,102.1614,32.2932,112.06483125000001,112.06483125000001,241.8345,89.9993
920,snn,nsson,jetson_emulator,300,offload,0.5484245886414161,98.6887,71.7456,71.7456,74.7137,35.2333,112.06483125000001,112.06483125000001,224.8073,90.0099
921,snn,nsson,jetson_emulator,300,offload,0.5406788635232816,98.7822,71.4433,71.4433,74.6116,35.2564,112.06483125000001,112.06483125000001,224.918,90.0193
922,snn,nsson,jetson_emulator,300,offload,0.545182900712853,99.5807,70.619,70.619,73.804,35.3194,112.06483125000001,112.06483125000001,225.0287,90.0475
923,snn,nsson,jetson_emulator,300,offload,0.5503333391366838,99.0494,71.0597,71.0597,73.614,35.2857,112.06483125000001,112.06483125000001,225.1394,89.9997
924,snn,nsson,jetson_emulator,300,local,0.5543294547301402,99.7,70.7227,99.7,103.3685,32.2564,112.06483125000001,112.06483125000001,242.4302,89.9143
925,snn,nsson,jetson_emulator,300,offload,0.5439748807870627,99.6367,71.8452,71.8452,74.8657,35.2258,112.06483125000001,112.06483125000001,225.3608,89.9364
926,snn,nsson,jetson_emulator,300,offload,0.5426432516660827,99.581,70.83,70.83,73.7351,35.3033,112.06483125000001,112.06483125000001,225.4714,89.9204
927,snn,nsson,jetson_emulator,300,offload,0.5334069738271369,99.3509,71.7738,71.7738,74.0298,35.2312,112.06483125000001,112.06483125000001,225.5821,90.0146
928,snn,nsson,jetson_emulator,300,offload,0.5380908744979378,99.6079,72.3794,72.3794,76.0374,35.1851,112.06483125000001,112.06483125000001,225.6928,89.9664
929,snn,nsson,jetson_emulator,300,offload,0.5392275500722624,100.0124,71.3857,71.3857,73.9858,35.2608,112.06483125000001,112.06483125000001,225.8035,89.9736
930,snn,nsson,jetson_emulator,300,offload,0.5363813727232991,99.4098,71.2182,71.2182,74.3125,35.2736,112.06483125000001,112.06483125000001,225.9142,90.0291
931,snn,nsson,jetson_emulator,300,offload,0.5392325973122416,100.1415,71.0562,71.0562,74.5207,35.286,112.06483125000001,112.06483125000001,226.0248,89.9148
932,snn,nsson,jetson_emulator,300,offload,0.5428247696890313,99.4487,71.2647,71.2647,73.602,35.27,112.06483125000001,112.06483125000001,226.1355,89.9251
933,snn,nsson,jetson_emulator,300,offload,0.5373160011088874,100.2906,71.4659,71.4659,74.695,35.2547,112.06483125000001,112.06483125000001,226.2462,90.052
934,snn,nsson,jetson_emulator,300,local,0.5440836566012381,99.7267,71.537,99.7267,103.072,32.2547,112.06483125000001,112.06483125000001,243.6214,90.0378
935,snn,nsson,jetson_emulator,300,offload,0.5457984795373014,99.8531,72.616,72.616,76.2849,35.1671,112.06483125000001,112.06483125000001,226.4676,90.0056
936,snn,nsson,jetson_emulator,300,offload,0.5441421429716444,100.1424,71.6461,71.6461,74.5459,35.2409,112.06483125000001,112.06483125000001,226.5783,90.0257
937,snn,nsson,jetson_emulator,300,local,0.5346368383446433,99.7006,72.0694,99.7006,102.5967,32.2564,112.06483125000001,112.06483125000001,243.9788,89.9123
938,snn,nsson,jetson_emulator,300,local,0.5403011044124216,99.7172,72.5101,99.7172,102.7489,32.2553,112.06483125000001,112.06483125000001,244.0979,90.022
939,snn,nsson,jetson_emulator,300,offload,0.5423305566361579,100.3215,71.7788,71.7788,74.4904,35.2308,112.06483125000001,112.06483125000001,226.9103,89.9553
940,snn,nsson,jetson_emulator,300,offload,0.5492907455805075,99.9398,71.5486,71.5486,74.1561,35.2484,112.06483125000001,112.06483125000001,227.021,89.9203
941,snn,nsson,jetson_emulator,300,local,0.5519677884030056,100.2336,72.1261,100.2336,103.667,32.2214,112.06483125000001,112.06483125000001,244.4553,90.0005
942,snn,nsson,jetson_emulator,300,offload,0.5503341909227576,100.0953,72.1424,72.1424,75.1409,35.2031,112.06483125000001,112.06483125000001,227.2423,90.0003
943,snn,nsson,jetson_emulator,300,offload,0.5419419343514524,100.8351,71.6969,71.6969,75.1409,35.2371,112.06483125000001,112.06483125000001,227.353,89.8907
944,snn,nsson,jetson_emulator,300,local,0.5526805549061371,100.4003,72.2495,100.4003,103.6191,32.2104,112.06483125000001,112.06483125000001,244.8126,90.0072
945,snn,nsson,jetson_emulator,300,offload,0.5618441506682167,100.4437,73.7658,73.7658,76.6781,35.08,112.06483125000001,112.06483125000001,227.5744,90.0202
946,snn,nsson,jetson_emulator,300,offload,0.562435299507655,100.5919,71.5205,71.5205,74.9764,35.2505,112.06483125000001,112.06483125000001,227.6851,89.9308
947,snn,nsson,jetson_emulator,300,local,0.5598686042109666,100.8106,72.2591,100.8106,103.8453,32.1835,112.06483125000001,112.06483125000001,245.17,89.9098
948,snn,nsson,jetson_emulator,300,offload,0.5591924236309432,100.7433,72.902,72.902,75.2585,35.1454,112.06483125000001,112.06483125000001,227.9064,89.9517
949,snn,nsson,jetson_emulator,300,local,0.5608644456590232,100.0151,71.501,100.0151,102.8846,32.2357,112.06483125000001,112.06483125000001,245.4083,89.899
950,snn,nsson,jetson_emulator,300,offload,0.5630226378901856,100.1221,71.7277,71.7277,74.3086,35.2347,112.06483125000001,112.06483125000001,228.1278,89.9778
951,snn,nsson,jetson_emulator,300,offload,0.5536436169388336,99.9137,72.3503,72.3503,75.5451,35.1873,112.06483125000001,112.06483125000001,228.2385,89.909
952,snn,nsson,jetson_emulator,300,offload,0.5536094745797405,100.4957,71.5922,71.5922,74.8188,35.245,112.06483125000001,112.06483125000001,228.3492,89.9554
953,snn,nsson,jetson_emulator,300,offload,0.5564191129280883,100.64,71.6235,71.6235,74.9853,35.2426,112.06483125000001,112.06483125000001,228.4598,89.9849
954,snn,nsson,jetson_emulator,300,offload,0.5766395221717173,99.9956,71.6298,71.6298,74.644,35.2422,112.06483125000001,112.06483125000001,228.5705,89.9161
955,snn,nsson,jetson_emulator,300,offload,0.5708344507024764,101.1623,71.6428,71.6428,74.8647,35.2412,112.06483125000001,112.06483125000001,228.6812,89.8679
956,snn,nsson,jetson_emulator,300,offload,0.5731008241953223,100.0269,72.0999,72.0999,75.6964,35.2064,112.06483125000001,112.06483125000001,228.7919,90.0009
957,snn,nsson,jetson_emulator,300,offload,0.5708841753154913,99.9882,72.6574,72.6574,75.8332,35.164,112.06483125000001,112.06483125000001,228.9026,89.9112
958,snn,nsson,jetson_emulator,300,local,0.5765595743916876,100.2123,71.6269,100.2123,103.3577,32.2228,112.06483125000001,112.06483125000001,246.4804,90.0695
959,snn,nsson,jetson_emulator,300,local,0.5747572008736499,100.1579,71.8634,100.1579,103.4443,32.2263,112.06483125000001,112.06483125000001,246.5995,89.9158
960,snn,nsson,jetson_emulator,300,offload,0.5607608438002509,99.916,71.9499,71.9499,74.5576,35.2178,112.06483125000001,112.06483125000001,229.2346,89.8975
961,snn,nsson,jetson_emulator,300,offload,0.5627729408756865,100.1668,72.0458,72.0458,76.0344,35.2105,112.06483125000001,112.06483125000001,229.3453,89.9083
962,snn,nsson,jetson_emulator,300,offload,0.5694151501292914,100.4799,71.4415,71.4415,74.8328,35.2565,112.06483125000001,112.06483125000001,229.456,89.9643
963,snn,nsson,jetson_emulator,300,offload,0.5663125157131108,100.2748,71.7823,71.7823,74.8162,35.2305,112.06483125000001,112.06483125000001,229.5667,89.9477
964,snn,nsson,jetson_emulator,300,offload,0.5574265709336441,100.394,73.0518,73.0518,75.88,35.1341,112.06483125000001,112.06483125000001,229.6773,89.8543
965,snn,nsson,jetson_emulator,300,offload,0.5632810438365017,100.0321,72.1572,72.1572,74.7903,35.202,112.06483125000001,112.06483125000001,229.788,89.9868
966,snn,nsson,jetson_emulator,300,offload,0.5623695425110099,99.8202,71.4988,71.4988,74.0265,35.2522,112.06483125000001,112.06483125000001,229.8987,90.0207
967,snn,nsson,jetson_emulator,300,offload,0.5576030803137267,99.7578,71.5275,71.5275,74.1062,35.25,112.06483125000001,112.06483125000001,230.0094,89.9508
968,snn,nsson,jetson_emulator,300,offload,0.5498139101756677,100.0626,71.7355,71.7355,75.144,35.2341,112.06483125000001,112.06483125000001,230.1201,90.004
969,snn,nsson,jetson_emulator,300,offload,0.5436024344347261,99.8973,72.4367,72.4367,76.3991,35.1807,112.06483125000001,112.06483125000001,230.2308,89.9607
970,snn,nsson,jetson_emulator,300,offload,0.5451974039317526,99.7138,72.207,72.207,75.3306,35.1982,112.06483125000001,112.06483125000001,230.3414,89.934
971,snn,nsson,jetson_emulator,300,offload,0.5509395335325228,100.0169,72.1932,72.1932,75.1557,35.1993,112.06483125000001,112.06483125000001,230.4521,90.0367
972,snn,nsson,jetson_emulator,300,offload,0.5452222902743661,99.7018,72.2251,72.2251,75.8714,35.1968,112.06483125000001,112.06483125000001,230.5628,89.8996
973,snn,nsson,jetson_emulator,300,offload,0.5476611342751563,99.9468,71.6104,71.6104,74.486,35.2437,112.06483125000001,112.06483125000001,230.6735,89.8308
974,snn,nsson,jetson_emulator,300,local,0.5479049121764722,99.8536,71.4855,99.8536,103.2019,32.2463,112.06483125000001,112.06483125000001,248.3863,89.9878
975,snn,nsson,jetson_emulator,300,offload,0.5467486706610312,100.5762,71.2653,71.2653,73.9076,35.27,112.06483125000001,112.06483125000001,230.8948,89.9424
976,snn,nsson,jetson_emulator,300,offload,0.540906183338314,99.5432,72.5983,72.5983,75.8665,35.1685,112.06483125000001,112.06483125000001,231.0055,89.966
977,snn,nsson,jetson_emulator,300,offload,0.5541002475166165,99.4731,71.3137,71.3137,73.9878,35.2663,112.06483125000001,112.06483125000001,231.1162,89.9246
978,snn,nsson,jetson_emulator,300,local,0.5562968437886909,99.8371,71.8798,99.8371,103.7379,32.2474,112.06483125000001,112.06483125000001,248.8628,89.9811
979,snn,nsson,jetson_emulator,300,offload,0.5560075410003539,99.5206,72.0548,72.0548,75.1716,35.2098,112.06483125000001,112.06483125000001,231.3376,89.9621
980,snn,nsson,jetson_emulator,300,offload,0.5447487933690671,99.4249,71.3174,71.3174,74.7042,35.266,112.06483125000001,112.06483125000001,231.4483,89.9129
981,snn,nsson,jetson_emulator,300,offload,0.547469514017255,99.4458,72.84,72.84,76.7,35.1501,112.06483125000001,112.06483125000001,231.5589,90.0173
982,snn,nsson,jetson_emulator,300,local,0.5404563203326134,99.8191,71.1172,99.8191,101.9313,32.2486,112.06483125000001,112.06483125000001,249.3393,89.9722
983,snn,nsson,jetson_emulator,300,offload,0.5297121849962462,99.9454,72.3435,72.3435,75.6926,35.1878,112.06483125000001,112.06483125000001,231.7803,89.8765
984,snn,nsson,jetson_emulator,300,offload,0.515558020564682,99.6589,71.5196,71.5196,74.7422,35.2506,112.06483125000001,112.06483125000001,231.891,89.9121
985,snn,nsson,jetson_emulator,300,local,0.5242748386008242,99.3701,72.0737,99.3701,102.746,32.2782,112.06483125000001,112.06483125000001,249.6967,90.0919
986,snn,nsson,jetson_emulator,300,local,0.527276158500742,99.6365,70.9422,99.6365,103.5575,32.2606,112.06483125000001,112.06483125000001,249.8158,89.9481
987,snn,nsson,jetson_emulator,300,local,0.5243550216406955,99.5003,70.9604,99.5003,102.3802,32.2696,112.06483125000001,112.06483125000001,249.935,89.9053
988,snn,nsson,jetson_emulator,300,local,0.5224527575626976,99.5302,70.9043,99.5302,102.7069,32.2676,112.06483125000001,112.06483125000001,250.0541,89.9536
989,snn,nsson,jetson_emulator,300,offload,0.5221437565701733,99.2865,70.7304,70.7304,73.6958,35.3109,112.06483125000001,112.06483125000001,232.4444,89.8892
990,snn,nsson,jetson_emulator,300,offload,0.5129552495171065,99.0376,71.7073,71.7073,74.7311,35.2363,112.06483125000001,112.06483125000001,232.5551,89.9875
991,snn,nsson,jetson_emulator,300,local,0.5111269827052664,98.8823,71.3773,98.8823,101.5877,32.3103,112.06483125000001,112.06483125000001,250.4115,89.934
992,snn,nsson,jetson_emulator,300,local,0.5143044389944945,99.5339,71.2475,99.5339,102.6038,32.2674,112.06483125000001,112.06483125000001,250.5306,90.0195
993,snn,nsson,jetson_emulator,300,local,0.5143329178461267,98.7526,71.9769,98.7526,101.7895,32.3189,112.06483125000001,112.06483125000001,250.6497,89.9046
994,snn,nsson,jetson_emulator,300,offload,0.5082375772630426,99.3083,71.098,71.098,73.9696,35.2828,112.06483125000001,112.06483125000001,232.9978,90.0007
995,snn,nsson,jetson_emulator,300,offload,0.5110165535099036,99.2676,70.958,70.958,74.0797,35.2935,112.06483125000001,112.06483125000001,233.1085,89.9817
996,snn,nsson,jetson_emulator,300,offload,0.5181254894151502,99.4445,70.6828,70.6828,74.0277,35.3145,112.06483125000001,112.06483125000001,233.2192,89.8764
997,snn,nsson,jetson_emulator,300,offload,0.5207679628897389,98.8308,71.2648,71.2648,74.5132,35.27,112.06483125000001,112.06483125000001,233.3299,90.0345
998,snn,nsson,jetson_emulator,300,offload,0.5148522179817313,98.4965,71.0811,71.0811,74.9164,35.2841,112.06483125000001,112.06483125000001,233.4405,89.9968
999,snn,nsson,jetson_emulator,300,offload,0.511158661130374,98.904,71.8447,71.8447,75.0874,35.2258,112.06483125000001,112.06483125000001,233.5512,89.9238
1000,snn,nsson,jetson_emulator,300,offload,0.5096487775303473,99.1515,71.3621,71.3621,73.734,35.2626,112.06483125000001,112.06483125000001,233.6619,89.9345
1001,snn,nsson,jetson_emulator,300,local,0.5054170759835481,98.4108,70.683,98.4108,101.8706,32.3415,112.06483125000001,112.06483125000001,251.6027,89.9793
1002,snn,nsson,jetson_emulator,300,offload,0.5028309004081751,98.3494,71.0829,71.0829,74.5412,35.2839,112.06483125000001,112.06483125000001,233.8833,90.0105
1003,snn,nsson,jetson_emulator,300,local,0.5095108302595135,98.4256,70.2497,98.4256,101.5926,32.3405,112.06483125000001,112.06483125000001,251.8409,89.8866
1004,snn,nsson,jetson_emulator,300,local,0.5072695092551855,98.3334,71.6352,98.3334,101.5729,32.3466,112.06483125000001,112.06483125000001,251.9601,89.8862
1005,snn,nsson,jetson_emulator,300,local,0.5112476884511429,98.5704,70.6702,98.5704,101.498,32.3309,112.06483125000001,112.06483125000001,252.0792,89.9611
1006,snn,nsson,jetson_emulator,300,local,0.5127173172279522,98.3474,70.7244,98.3474,101.1308,32.3457,112.06483125000001,112.06483125000001,252.1983,89.9674
1007,snn,nsson,jetson_emulator,300,offload,0.5160790300542969,98.1569,70.2395,70.2395,74.2477,35.3485,112.06483125000001,112.06483125000001,234.4367,90.0097
1008,snn,nsson,jetson_emulator,300,offload,0.5284510510544083,99.056,70.0775,70.0775,72.7338,35.3609,112.06483125000001,112.06483125000001,234.5474,89.9183
1009,snn,nsson,jetson_emulator,300,local,0.5321983887797429,98.099,70.2767,98.099,100.837,32.3621,112.06483125000001,112.06483125000001,252.5557,89.869
1010,snn,nsson,jetson_emulator,300,offload,0.5258678234743608,98.8131,70.5677,70.5677,74.7978,35.3234,112.06483125000001,112.06483125000001,234.7687,89.9858
1011,snn,nsson,jetson_emulator,300,local,0.5273650028877517,99.0003,70.4199,99.0003,102.1643,32.3025,112.06483125000001,112.06483125000001,252.7939,89.965
1012,snn,nsson,jetson_emulator,300,local,0.5333838814088795,98.046,70.0648,98.046,101.0236,32.3656,112.06483125000001,112.06483125000001,252.9131,90.0244
1013,snn,nsson,jetson_emulator,300,offload,0.5330772287871605,97.7505,70.1214,70.1214,73.5712,35.3576,112.06483125000001,112.06483125000001,235.1008,89.9578
1014,snn,nsson,jetson_emulator,300,offload,0.534768576679131,98.2329,70.527,70.527,73.9234,35.3265,112.06483125000001,112.06483125000001,235.2114,89.8925
1015,snn,nsson,jetson_emulator,300,offload,0.534963074827116,98.2567,70.4277,70.4277,74.2917,35.3341,112.06483125000001,112.06483125000001,235.3221,89.944
1016,snn,nsson,jetson_emulator,300,local,0.5296638272872837,97.8268,69.8455,97.8268,100.47,32.3802,112.06483125000001,112.06483125000001,253.3895,89.9978
1017,snn,nsson,jetson_emulator,300,offload,0.532608167170573,98.2874,69.782,69.782,73.298,35.3836,112.06483125000001,112.06483125000001,235.5435,90.0109
1018,snn,nsson,jetson_emulator,300,offload,0.5294032628843269,97.9064,70.3025,70.3025,73.6336,35.3437,112.06483125000001,112.06483125000001,235.6542,90.0222
1019,snn,nsson,jetson_emulator,300,offload,0.5295083721088075,97.5082,70.5582,70.5582,74.1202,35.3241,112.06483125000001,112.06483125000001,235.7649,89.9092
1020,snn,nsson,jetson_emulator,300,local,0.5317960041144308,97.8051,70.7989,97.8051,101.2186,32.3816,112.06483125000001,112.06483125000001,253.866,89.9074
1021,snn,nsson,jetson_emulator,300,offload,0.5307757215253817,97.9604,70.6658,70.6658,74.093,35.3158,112.06483125000001,112.06483125000001,235.9862,89.9272
1022,snn,nsson,jetson_emulator,300,local,0.5293237770426454,97.5731,69.6242,97.5731,101.6298,32.397,112.06483125000001,112.06483125000001,254.1043,89.9786
1023,snn,nsson,jetson_emulator,300,offload,0.5290073814120068,97.7453,70.5511,70.5511,73.6767,35.3246,112.06483125000001,112.06483125000001,236.2076,90.0353
1024,snn,nsson,jetson_emulator,300,offload,0.5317301324143102,97.4709,70.9551,70.9551,73.5831,35.2937,112.06483125000001,112.06483125000001,236.3183,90.0751
1025,snn,nsson,jetson_emulator,300,local,0.5316041995635807,98.1444,69.9931,98.1444,101.7528,32.3591,112.06483125000001,112.06483125000001,254.4617,89.9525
1026,snn,nsson,jetson_emulator,300,local,0.5266589079835915,97.3517,71.3861,97.3517,100.2274,32.4117,112.06483125000001,112.06483125000001,254.5808,89.9174
1027,snn,nsson,jetson_emulator,300,offload,0.522263263744743,97.7164,69.6699,69.6699,72.9645,35.3923,112.06483125000001,112.06483125000001,236.6503,89.8992
1028,snn,nsson,jetson_emulator,300,local,0.5242717972857355,97.6008,70.6981,97.6008,99.8217,32.3952,112.06483125000001,112.06483125000001,254.819,90.0386
1029,snn,nsson,jetson_emulator,300,local,0.5385812398046184,97.139,69.6392,97.139,100.2654,32.4258,112.06483125000001,112.06483125000001,254.9382,89.9033
1030,snn,nsson,jetson_emulator,300,local,0.5409676023892104,98.0757,71.1204,98.0757,101.823,32.3637,112.06483125000001,112.06483125000001,255.0573,89.9504
1031,snn,nsson,jetson_emulator,300,local,0.5561911156255709,97.4359,69.9386,97.4359,101.2453,32.4061,112.06483125000001,112.06483125000001,255.1764,90.0153
1032,snn,nsson,jetson_emulator,300,local,0.5645739874137183,97.1518,70.7587,97.1518,100.0364,32.425,112.06483125000001,112.06483125000001,255.2955,89.9149
1033,snn,nsson,jetson_emulator,300,offload,0.5587119271440931,97.5408,70.0979,70.0979,73.0803,35.3594,112.06483125000001,112.06483125000001,237.3144,89.9517
1034,snn,nsson,jetson_emulator,300,local,0.5572054875428681,97.1896,69.5864,97.1896,99.8191,32.4225,112.06483125000001,112.06483125000001,255.5338,89.9751
1035,snn,nsson,jetson_emulator,300,local,0.5553576396431877,97.8359,69.4961,97.8359,100.9089,32.3796,112.06483125000001,112.06483125000001,255.6529,89.8731
1036,snn,nsson,jetson_emulator,300,offload,0.5548904591026464,97.6701,70.4584,70.4584,73.7227,35.3317,112.06483125000001,112.06483125000001,237.6464,89.912
1037,snn,nsson,jetson_emulator,300,offload,0.5416432461759727,97.0398,69.4289,69.4289,72.0282,35.4108,112.06483125000001,112.06483125000001,237.7571,89.9726
1038,snn,nsson,jetson_emulator,300,local,0.5351009622852962,97.4748,69.7569,97.4748,101.5683,32.4035,112.06483125000001,112.06483125000001,256.0103,89.9484
1039,snn,nsson,jetson_emulator,300,offload,0.5497991398545703,96.9448,69.7174,69.7174,72.9803,35.3886,112.06483125000001,112.06483125000001,237.9785,89.9638
1040,snn,nsson,jetson_emulator,300,local,0.5482165824131036,97.2523,70.5507,97.2523,99.8381,32.4183,112.06483125000001,112.06483125000001,256.2485,89.9282
1041,snn,nsson,jetson_emulator,300,local,0.5512096660267993,97.5823,71.0706,97.5823,101.2038,32.3964,112.06483125000001,112.06483125000001,256.3676,90.0293
1042,snn,nsson,jetson_emulator,300,local,0.5548436606544559,97.2687,70.5335,97.2687,99.9927,32.4172,112.06483125000001,112.06483125000001,256.4868,89.902
1043,snn,nsson,jetson_emulator,300,local,0.5478758631610295,97.8996,69.7163,97.8996,101.1397,32.3753,112.06483125000001,112.06483125000001,256.6059,89.9352
1044,snn,nsson,jetson_emulator,300,offload,0.5399346498786384,97.2179,69.6685,69.6685,72.9706,35.3924,112.06483125000001,112.06483125000001,238.5319,90.0024
1045,snn,nsson,jetson_emulator,300,offload,0.5414856961552252,97.5094,69.8058,69.8058,73.7445,35.3818,112.06483125000001,112.06483125000001,238.6426,89.9411
1046,snn,nsson,jetson_emulator,300,local,0.5424077379853327,97.6798,69.4601,97.6798,100.2484,32.3899,112.06483125000001,112.06483125000001,256.9633,89.9869
1047,snn,nsson,jetson_emulator,300,offload,0.5414275235760977,97.6063,70.1997,70.1997,74.0546,35.3516,112.06483125000001,112.06483125000001,238.8639,89.9406
1048,snn,nsson,jetson_emulator,300,local,0.536704854740078,96.8921,69.9112,96.8921,100.0286,32.4423,112.06483125000001,112.06483125000001,257.2015,89.973
1049,snn,nsson,jetson_emulator,300,offload,0.5498373556538994,97.0495,69.2821,69.2821,73.1109,35.4221,112.06483125000001,112.06483125000001,239.0853,89.985
1050,snn,nsson,jetson_emulator,300,offload,0.5550691085034928,97.7409,69.7098,69.7098,73.3161,35.3892,112.06483125000001,112.06483125000001,239.196,89.9456
1051,snn,nsson,jetson_emulator,300,local,0.561352281231731,97.7556,70.2266,97.7556,100.9407,32.3849,112.06483125000001,112.06483125000001,257.5589,90.0681
1052,snn,nsson,jetson_emulator,300,offload,0.5680677755285515,97.0925,69.6518,69.6518,73.8171,35.3937,112.06483125000001,112.06483125000001,239.4174,90.0195
1053,snn,nsson,jetson_emulator,300,offload,0.5548870017910158,96.9387,70.1671,70.1671,73.2613,35.3541,112.06483125000001,112.06483125000001,239.528,89.8897
1054,snn,nsson,jetson_emulator,300,offload,0.5595940121013698,97.7093,70.07,70.07,73.5133,35.3615,112.06483125000001,112.06483125000001,239.6387,89.9338
1055,snn,nsson,jetson_emulator,300,offload,0.5561019113172472,97.6213,70.1051,70.1051,73.2789,35.3588,112.06483125000001,112.06483125000001,239.7494,90.0813
1056,snn,nsson,jetson_emulator,300,local,0.5659174028795472,98.0379,69.5716,98.0379,101.0295,32.3662,112.06483125000001,112.06483125000001,258.1545,89.935
1057,snn,nsson,jetson_emulator,300,local,0.575725406189815,97.5787,70.8835,97.5787,100.7165,32.3966,112.06483125000001,112.06483125000001,258.2736,89.988
1058,snn,nsson,jetson_emulator,300,offload,0.5768866070890496,97.0733,69.4092,69.4092,73.0515,35.4123,112.06483125000001,112.06483125000001,240.0815,89.9492
1059,snn,nsson,jetson_emulator,300,local,0.5855188406940414,96.9939,69.5965,96.9939,99.3972,32.4355,112.06483125000001,112.06483125000001,258.5119,89.9424
1060,snn,nsson,jetson_emulator,300,offload,0.5858390368193032,97.9184,70.2395,70.2395,74.1234,35.3485,112.06483125000001,112.06483125000001,240.3028,90.0753
1061,snn,nsson,jetson_emulator,300,offload,0.5969030019152243,97.3945,70.6933,70.6933,73.7359,35.3137,112.06483125000001,112.06483125000001,240.4135,89.9086
1062,snn,nsson,jetson_emulator,300,local,0.5943468400067757,97.1253,69.6452,97.1253,100.2606,32.4267,112.06483125000001,112.06483125000001,258.8692,89.9406
1063,snn,nsson,jetson_emulator,300,offload,0.5966840998369458,97.4927,70.1033,70.1033,73.7126,35.359,112.06483125000001,112.06483125000001,240.6349,89.97
1064,snn,nsson,jetson_emulator,300,offload,0.5954087764715504,97.1304,70.7262,70.7262,73.8443,35.3112,112.06483125000001,112.06483125000001,240.7455,89.9805
1065,snn,nsson,jetson_emulator,300,local,0.5934084908155874,97.6176,69.758,97.6176,101.2757,32.394,112.06483125000001,112.06483125000001,259.2266,89.9699
1066,snn,nsson,jetson_emulator,300,offload,0.6009599944070647,97.4523,69.7598,69.7598,73.1191,35.3854,112.06483125000001,112.06483125000001,240.9669,89.9036
1067,snn,nsson,jetson_emulator,300,offload,0.5976831213231615,97.3375,69.8159,69.8159,73.0428,35.381,112.06483125000001,112.06483125000001,241.0776,90.0089
1068,snn,nsson,jetson_emulator,300,offload,0.600831547999504,98.2519,69.8972,69.8972,73.3389,35.3748,112.06483125000001,112.06483125000001,241.1883,90.038
1069,snn,nsson,jetson_emulator,300,offload,0.6036758128197252,97.3237,69.7869,69.7869,73.032,35.3833,112.06483125000001,112.06483125000001,241.299,89.8791
1070,snn,nsson,jetson_emulator,300,local,0.6047848847033913,98.156,70.2929,98.156,100.8434,32.3583,112.06483125000001,112.06483125000001,259.8222,90.0279
1071,snn,nsson,jetson_emulator,300,offload,0.5974684016314514,97.598,70.6513,70.6513,74.128,35.3169,112.06483125000001,112.06483125000001,241.5203,90.0358
1072,snn,nsson,jetson_emulator,300,offload,0.6049667790972725,98.1463,70.0447,70.0447,73.3144,35.3635,112.06483125000001,112.06483125000001,241.631,89.9976
1073,snn,nsson,jetson_emulator,300,offload,0.5963648668420205,97.9631,70.6755,70.6755,73.3872,35.3151,112.06483125000001,112.06483125000001,241.7417,89.9114
1074,snn,nsson,jetson_emulator,300,offload,0.5959838532097264,97.7738,70.6086,70.6086,73.4968,35.3202,112.06483125000001,112.06483125000001,241.8524,89.9553
1075,snn,nsson,jetson_emulator,300,local,0.5942921253437438,98.4492,69.9936,98.4492,102.0333,32.3389,112.06483125000001,112.06483125000001,260.4179,89.9671
1076,snn,nsson,jetson_emulator,300,offload,0.6004354639667945,98.2135,71.2215,71.2215,74.1509,35.2733,112.06483125000001,112.06483125000001,242.0737,89.9239
1077,snn,nsson,jetson_emulator,300,local,0.5965783117263787,98.044,70.1245,98.044,101.3973,32.3658,112.06483125000001,112.06483125000001,260.6561,89.9462
1078,snn,nsson,jetson_emulator,300,offload,0.5992053673524308,98.173,70.5233,70.5233,74.3162,35.3268,112.06483125000001,112.06483125000001,242.2951,90.0797
1079,snn,nsson,jetson_emulator,300,offload,0.6061343619229705,98.7666,71.3084,71.3084,74.2565,35.2667,112.06483125000001,112.06483125000001,242.4058,89.998
1080,snn,nsson,jetson_emulator,300,offload,0.6071562487610456,99.1643,70.1628,70.1628,74.1081,35.3544,112.06483125000001,112.06483125000001,242.5165,89.8656
1081,snn,nsson,jetson_emulator,300,local,0.611525348270652,98.4414,70.4403,98.4414,100.7077,32.3395,112.06483125000001,112.06483125000001,261.1326,90.0399
1082,snn,nsson,jetson_emulator,300,offload,0.6200038077294414,98.1619,70.1517,70.1517,73.2599,35.3552,112.06483125000001,112.06483125000001,242.7378,89.9511
1083,snn,nsson,jetson_emulator,300,offload,0.6145962563162033,98.759,70.3357,70.3357,73.6812,35.3411,112.06483125000001,112.06483125000001,242.8485,89.96
1084,snn,nsson,jetson_emulator,300,offload,0.6097804870113325,98.9623,70.3017,70.3017,73.3601,35.3437,112.06483125000001,112.06483125000001,242.9592,89.9896
1085,snn,nsson,jetson_emulator,300,offload,0.6105411916545445,99.1504,72.1318,72.1318,75.2091,35.2039,112.06483125000001,112.06483125000001,243.0699,89.9252
1086,snn,nsson,jetson_emulator,300,offload,0.6030884458202963,98.4807,70.7053,70.7053,73.9075,35.3128,112.06483125000001,112.06483125000001,243.1805,89.9665
1087,snn,nsson,jetson_emulator,300,offload,0.5876919483423169,99.8291,71.5132,71.5132,75.9059,35.2511,112.06483125000001,112.06483125000001,243.2912,89.9823
1088,snn,nsson,jetson_emulator,300,offload,0.5969957326053356,98.7074,71.2959,71.2959,74.4187,35.2677,112.06483125000001,112.06483125000001,243.4019,89.9338
1089,snn,nsson,jetson_emulator,300,offload,0.6033562492949224,99.1172,70.8227,70.8227,74.6277,35.3038,112.06483125000001,112.06483125000001,243.5126,90.0135
1090,snn,nsson,jetson_emulator,300,offload,0.5975656522545439,99.1133,70.9447,70.9447,74.374,35.2945,112.06483125000001,112.06483125000001,243.6233,89.9456
1091,snn,nsson,jetson_emulator,300,offload,0.5928801426780065,98.8807,71.6421,71.6421,74.774,35.2412,112.06483125000001,112.06483125000001,243.734,89.9928
1092,snn,nsson,jetson_emulator,300,offload,0.5976348273386798,99.1643,70.7064,70.7064,73.6362,35.3127,112.06483125000001,112.06483125000001,243.8446,89.9213
1093,snn,nsson,jetson_emulator,300,offload,0.5931024667842504,99.7261,72.5199,72.5199,76.5144,35.1744,112.06483125000001,112.06483125000001,243.9553,90.0167
1094,snn,nsson,jetson_emulator,300,offload,0.5838066839982435,99.8846,71.1199,71.1199,74.3444,35.2811,112.06483125000001,112.06483125000001,244.066,89.9016
1095,snn,nsson,jetson_emulator,300,local,0.5878923019462593,99.2026,71.4051,99.2026,102.8989,32.2892,112.06483125000001,112.06483125000001,262.8003,89.9619
1096,snn,nsson,jetson_emulator,300,offload,0.5879324245517888,99.7383,71.6804,71.6804,75.1196,35.2383,112.06483125000001,112.06483125000001,244.2874,89.9375
1097,snn,nsson,jetson_emulator,300,offload,0.5901882003512952,100.2076,71.8168,71.8168,74.2946,35.2279,112.06483125000001,112.06483125000001,244.398,89.9094
1098,snn,nsson,jetson_emulator,300,offload,0.5871819561373656,99.6514,71.2197,71.2197,74.0908,35.2735,112.06483125000001,112.06483125000001,244.5087,90.0248
1099,snn,nsson,jetson_emulator,300,local,0.5786574748353793,99.9645,71.929,99.9645,102.2515,32.239,112.06483125000001,112.06483125000001,263.2768,90.0019
1100,snn,nsson,jetson_emulator,300,offload,0.5727019379672611,99.9143,71.9972,71.9972,75.036,35.2142,112.06483125000001,112.06483125000001,244.7301,90.0176
1101,snn,nsson,jetson_emulator,300,offload,0.5612580792502775,100.3945,71.5724,71.5724,74.685,35.2465,112.06483125000001,112.06483125000001,244.8408,89.9094
1102,snn,nsson,jetson_emulator,300,offload,0.561957992291082,101.0648,71.7319,71.7319,75.0024,35.2344,112.06483125000001,112.06483125000001,244.9515,90.055
1103,snn,nsson,jetson_emulator,300,offload,0.5649258856203728,101.3945,71.7549,71.7549,75.1563,35.2326,112.06483125000001,112.06483125000001,245.0621,89.9057
1104,snn,nsson,jetson_emulator,300,offload,0.5667316686333965,100.0876,73.3119,73.3119,76.6947,35.1144,112.06483125000001,112.06483125000001,245.1728,89.9441
1105,snn,nsson,jetson_emulator,300,local,0.5640694897514446,100.1493,72.2446,100.1493,103.4132,32.2269,112.06483125000001,112.06483125000001,263.9916,89.9046
1106,snn,nsson,jetson_emulator,300,offload,0.5568308403475944,100.9735,72.3118,72.3118,75.3415,35.1902,112.06483125000001,112.06483125000001,245.3942,89.9727
1107,snn,nsson,jetson_emulator,300,local,0.5558096778233005,100.559,71.9288,100.559,103.4413,32.2,112.06483125000001,112.06483125000001,264.2298,89.9262
1108,snn,nsson,jetson_emulator,300,local,0.5612961009190608,100.6458,72.5375,100.6458,103.9645,32.1943,112.06483125000001,112.06483125000001,264.3489,89.9587
1109,snn,nsson,jetson_emulator,300,offload,0.5647455211978242,101.494,72.7529,72.7529,75.6652,35.1567,112.06483125000001,112.06483125000001,245.7262,89.9363
1110,snn,nsson,jetson_emulator,300,offload,0.5530856716629804,101.5792,72.849,72.849,76.2866,35.1494,112.06483125000001,112.06483125000001,245.8369,89.9486
1111,snn,nsson,jetson_emulator,300,offload,0.5500372023835856,101.045,72.7939,72.7939,75.3722,35.1536,112.06483125000001,112.06483125000001,245.9476,89.9507
1112,snn,nsson,jetson_emulator,300,local,0.5560514419990006,101.3181,72.7944,101.3181,105.2371,32.1503,112.06483125000001,112.06483125000001,264.8254,89.9561
1113,snn,nsson,jetson_emulator,300,offload,0.5557758629325719,101.029,72.6862,72.6862,75.9374,35.1618,112.06483125000001,112.06483125000001,246.169,89.9919
1114,snn,nsson,jetson_emulator,300,local,0.5496335900896313,101.7304,72.4123,101.7304,104.8906,32.1234,112.06483125000001,112.06483125000001,265.0637,89.9523
1115,snn,nsson,jetson_emulator,300,offload,0.5397685568934989,101.3261,73.02,73.02,76.4481,35.1365,112.06483125000001,112.06483125000001,246.3903,89.9326
1116,snn,nsson,jetson_emulator,300,offload,0.5411231234887235,101.9528,73.1819,73.1819,76.2544,35.1242,112.06483125000001,112.06483125000001,246.501,89.9839
1117,snn,nsson,jetson_emulator,300,offload,0.5474224112875156,101.7703,73.9829,73.9829,77.0147,35.0636,112.06483125000001,112.06483125000001,246.6117,89.9332
1118,snn,nsson,jetson_emulator,300,local,0.5445932213280344,101.7501,74.1504,101.7501,104.9336,32.1221,112.06483125000001,112.06483125000001,265.5402,90.0792
1119,snn,nsson,jetson_emulator,300,offload,0.549865630968138,102.4408,73.4264,73.4264,76.8917,35.1057,112.06483125000001,112.06483125000001,246.833,89.8925
1120,snn,nsson,jetson_emulator,300,local,0.5516670549503777,102.7398,72.9612,102.7398,106.0274,32.0576,112.06483125000001,112.06483125000001,265.7784,89.9923
1121,snn,nsson,jetson_emulator,300,offload,0.5498678031892604,102.1749,74.0304,74.0304,77.3653,35.06,112.06483125000001,112.06483125000001,247.0544,89.9244
1122,snn,nsson,jetson_emulator,300,offload,0.5450170643591048,102.4515,73.3361,73.3361,77.1339,35.1125,112.06483125000001,112.06483125000001,247.1651,90.008
1123,snn,nsson,jetson_emulator,300,local,0.5390206591766153,102.405,73.4623,102.405,106.374,32.0794,112.06483125000001,112.06483125000001,266.1358,89.9168
1124,snn,nsson,jetson_emulator,300,local,0.5399143976676516,102.6851,73.5429,102.6851,105.2105,32.0612,112.06483125000001,112.06483125000001,266.2549,90.0596
1125,snn,nsson,jetson_emulator,300,offload,0.5378522114061555,102.5881,74.4127,74.4127,77.6596,35.0312,112.06483125000001,112.06483125000001,247.4971,89.9498
1126,snn,nsson,jetson_emulator,300,offload,0.5433126529148471,102.9586,73.6263,73.6263,76.9501,35.0906,112.06483125000001,112.06483125000001,247.6078,89.9287
1127,snn,nsson,jetson_emulator,300,offload,0.5415717626701656,102.8944,73.8005,73.8005,77.5109,35.0774,112.06483125000001,112.06483125000001,247.7185,89.9797
1128,snn,nsson,jetson_emulator,300,offload,0.5462053030287254,103.3866,73.8602,73.8602,77.104,35.0729,112.06483125000001,112.06483125000001,247.8292,89.9596
1129,snn,nsson,jetson_emulator,300,offload,0.5474322812347974,103.0807,73.7887,73.7887,77.6517,35.0783,112.06483125000001,112.06483125000001,247.9399,89.9404
1130,snn,nsson,jetson_emulator,300,offload,0.5412120388361873,104.0687,74.3456,74.3456,77.9236,35.0363,112.06483125000001,112.06483125000001,248.0506,90.0828
1131,snn,nsson,jetson_emulator,300,local,0.5324851709543652,103.4956,74.7929,103.4956,106.5542,32.0086,112.06483125000001,112.06483125000001,267.0888,89.9169
1132,snn,nsson,jetson_emulator,300,local,0.5365338864163758,103.6297,75.2822,103.6297,106.8426,31.9999,112.06483125000001,112.06483125000001,267.2079,89.914
1133,snn,nsson,jetson_emulator,300,offload,0.5368780063831506,104.3904,74.5229,74.5229,77.7032,35.0229,112.06483125000001,112.06483125000001,248.3826,89.9687
1134,snn,nsson,jetson_emulator,300,offload,0.5409644484215054,104.0033,75.1862,75.1862,78.0412,34.973,112.06483125000001,112.06483125000001,248.4933,90.0405
1135,snn,nsson,jetson_emulator,300,offload,0.5470631083730265,104.1043,74.7872,74.7872,78.1223,35.003,112.06483125000001,112.06483125000001,248.604,89.988
1136,snn,nsson,jetson_emulator,300,offload,0.5335157127017521,104.0832,74.2587,74.2587,76.9235,35.0428,112.06483125000001,112.06483125000001,248.7146,89.9886
1137,snn,nsson,jetson_emulator,300,offload,0.535062302578333,104.702,75.7851,75.7851,79.3271,34.9281,112.06483125000001,112.06483125000001,248.8253,89.9728
1138,snn,nsson,jetson_emulator,300,local,0.5328423638618728,104.1993,74.7282,104.1993,106.7675,31.9631,112.06483125000001,112.06483125000001,267.9227,89.9496
1139,snn,nsson,jetson_emulator,300,offload,0.5365155954890625,104.3335,75.8104,75.8104,79.2434,34.9262,112.06483125000001,112.06483125000001,249.0467,89.8931
1140,snn,nsson,jetson_emulator,300,offload,0.5360127219882418,105.2951,75.8294,75.8294,79.2818,34.9248,112.06483125000001,112.06483125000001,249.1574,89.8977
1141,snn,nsson,jetson_emulator,300,local,0.5302349368934305,104.9561,75.2497,104.9561,108.1591,31.9142,112.06483125000001,112.06483125000001,268.28,89.9817
1142,snn,nsson,jetson_emulator,300,local,0.5345280944316261,104.8183,75.6913,104.8183,107.1851,31.9231,112.06483125000001,112.06483125000001,268.3991,90.0164
1143,snn,nsson,jetson_emulator,300,offload,0.5351927338152828,106.1853,75.1446,75.1446,77.6683,34.9762,112.06483125000001,112.06483125000001,249.4894,89.9242
1144,snn,nsson,jetson_emulator,300,local,0.5345908698229609,104.921,75.5863,104.921,107.9118,31.9165,112.06483125000001,112.06483125000001,268.6374,89.9446
1145,snn,nsson,jetson_emulator,300,local,0.5305901562661199,105.4074,75.1039,105.4074,107.95,31.8852,112.06483125000001,112.06483125000001,268.7565,89.9801
1146,snn,nsson,jetson_emulator,300,local,0.5276504537542158,105.4046,75.0668,105.4046,108.556,31.8854,112.06483125000001,112.06483125000001,268.8756,90.0002
1147,snn,nsson,jetson_emulator,300,offload,0.5341158714912405,105.2356,75.4156,75.4156,78.6255,34.9558,112.06483125000001,112.06483125000001,249.9321,89.9479
1148,snn,nsson,jetson_emulator,300,local,0.5286551165371098,106.0059,75.4521,106.0059,109.236,31.8468,112.06483125000001,112.06483125000001,269.1139,89.9378
1149,snn,nsson,jetson_emulator,300,offload,0.5276408299587407,105.4815,75.6949,75.6949,79.2526,34.9349,112.06483125000001,112.06483125000001,250.1535,90.0376
1150,snn,nsson,jetson_emulator,300,offload,0.530067812883508,105.7528,75.5596,75.5596,78.4901,34.945,112.06483125000001,112.06483125000001,250.2642,89.8791
1151,snn,nsson,jetson_emulator,300,local,0.5420658097678711,106.3189,76.0964,106.3189,109.6199,31.8267,112.06483125000001,112.06483125000001,269.4713,90.0053
1152,snn,nsson,jetson_emulator,300,offload,0.5463395670085756,106.0141,75.8463,75.8463,79.9314,34.9235,112.06483125000001,112.06483125000001,250.4856,89.9229
1153,snn,nsson,jetson_emulator,300,offload,0.5438339167520055,106.1529,76.6743,76.6743,79.7464,34.8616,112.06483125000001,112.06483125000001,250.5962,89.8916
1154,snn,nsson,jetson_emulator,300,offload,0.5452218740174359,106.0685,76.2463,76.2463,79.6623,34.8936,112.06483125000001,112.06483125000001,250.7069,89.9943
1155,snn,nsson,jetson_emulator,300,offload,0.5467381486710221,106.1886,75.9923,75.9923,79.1007,34.9126,112.06483125000001,112.06483125000001,250.8176,90.0087
1156,snn,nsson,jetson_emulator,300,local,0.5352880107545409,106.1507,76.3199,106.1507,109.2263,31.8375,112.06483125000001,112.06483125000001,270.0669,89.9257
1157,snn,nsson,jetson_emulator,300,local,0.5449266129600584,106.8269,76.9967,106.8269,110.442,31.7942,112.06483125000001,112.06483125000001,270.186,89.9955
1158,snn,nsson,jetson_emulator,300,local,0.5463539399636609,106.6868,76.2922,106.6868,109.866,31.8031,112.06483125000001,112.06483125000001,270.3051,90.029
1159,snn,nsson,jetson_emulator,300,offload,0.5423258177474225,106.9093,76.2987,76.2987,80.2242,34.8897,112.06483125000001,112.06483125000001,251.2603,89.8975
1160,snn,nsson,jetson_emulator,300,local,0.5422239204089013,106.8951,76.437,106.8951,110.2323,31.7898,112.06483125000001,112.06483125000001,270.5434,89.9501
1161,snn,nsson,jetson_emulator,300,offload,0.543998526547587,106.7578,77.7087,77.7087,80.7706,34.7846,112.06483125000001,112.06483125000001,251.4817,89.9479
1162,snn,nsson,jetson_emulator,300,local,0.5466158668271027,107.0444,77.1212,107.0444,109.8989,31.7803,112.06483125000001,112.06483125000001,270.7816,89.9135
1163,snn,nsson,jetson_emulator,300,offload,0.541640542895284,107.2685,76.4392,76.4392,79.5012,34.8792,112.06483125000001,112.06483125000001,251.7031,89.9728
1164,snn,nsson,jetson_emulator,300,offload,0.5483441957151979,107.6412,76.6558,76.6558,79.8458,34.863,112.06483125000001,112.06483125000001,251.8137,90.0421
1165,snn,nsson,jetson_emulator,300,offload,0.5438162590443655,107.0822,76.8966,76.8966,80.1965,34.8451,112.06483125000001,112.06483125000001,251.9244,90.0439
1166,snn,nsson,jetson_emulator,300,local,0.5411407414693749,107.1718,77.0871,107.1718,109.8853,31.7721,112.06483125000001,112.06483125000001,271.2581,89.9506
1167,snn,nsson,jetson_emulator,300,local,0.5329020398626723,107.7532,76.9183,107.7532,110.8126,31.7351,112.06483125000001,112.06483125000001,271.3772,89.97
1168,snn,nsson,jetson_emulator,300,offload,0.5354274163935269,108.4028,77.036,77.036,80.038,34.8347,112.06483125000001,112.06483125000001,252.2565,89.9173
1169,snn,nsson,jetson_emulator,300,offload,0.5362469614610398,107.888,78.1463,78.1463,81.6885,34.7521,112.06483125000001,112.06483125000001,252.3671,89.9338
1170,snn,nsson,jetson_emulator,300,offload,0.5314722289159705,108.3059,77.2681,77.2681,80.6124,34.8174,112.06483125000001,112.06483125000001,252.4778,89.9037
1171,snn,nsson,jetson_emulator,300,local,0.5319560313929057,108.4174,77.6577,108.4174,111.0517,31.6928,112.06483125000001,112.06483125000001,271.8537,89.9957
1172,snn,nsson,jetson_emulator,300,offload,0.5352999398751916,108.7769,77.2431,77.2431,79.9697,34.8192,112.06483125000001,112.06483125000001,252.6992,89.9929
1173,snn,nsson,jetson_emulator,300,offload,0.5355755791904976,107.9563,77.2969,77.2969,80.9213,34.8152,112.06483125000001,112.06483125000001,252.8099,89.855
1174,snn,nsson,jetson_emulator,300,offload,0.5413545685310707,108.0303,77.7191,77.7191,81.0882,34.7838,112.06483125000001,112.06483125000001,252.9206,90.0217
1175,snn,nsson,jetson_emulator,300,offload,0.5418193483481114,108.9614,78.0983,78.0983,80.7983,34.7557,112.06483125000001,112.06483125000001,253.0312,89.9171
1176,snn,nsson,jetson_emulator,300,offload,0.5422123104255676,108.5226,77.537,77.537,81.6541,34.7974,112.06483125000001,112.06483125000001,253.1419,90.0122
1177,snn,nsson,jetson_emulator,300,offload,0.5550586580486516,108.344,78.9561,78.9561,81.8767,34.6922,112.06483125000001,112.06483125000001,253.2526,89.9391
1178,snn,nsson,jetson_emulator,300,offload,0.5561859685358883,108.2867,77.3645,77.3645,81.0486,34.8102,112.06483125000001,112.06483125000001,253.3633,89.9169
1179,snn,nsson,jetson_emulator,300,local,0.5621430923805348,108.7582,78.3326,108.7582,112.0716,31.6712,112.06483125000001,112.06483125000001,272.8067,89.9213
1180,snn,nsson,jetson_emulator,300,offload,0.5675045812326948,108.7716,77.6871,77.6871,80.6291,34.7862,112.06483125000001,112.06483125000001,253.5846,89.9807
1181,snn,nsson,jetson_emulator,300,local,0.5518475619754616,109.2115,77.7141,109.2115,113.0603,31.6425,112.06483125000001,112.06483125000001,273.045,90.0104
1182,snn,nsson,jetson_emulator,300,offload,0.5488066243083717,109.0451,77.9518,77.9518,81.211,34.7666,112.06483125000001,112.06483125000001,253.806,89.8982
1183,snn,nsson,jetson_emulator,300,offload,0.5523649965865249,109.2647,78.5267,78.5267,81.8543,34.7239,112.06483125000001,112.06483125000001,253.9167,89.9866
1184,snn,nsson,jetson_emulator,300,offload,0.5495447078352419,108.6893,78.004,78.004,81.1474,34.7627,112.06483125000001,112.06483125000001,254.0274,89.9316
1185,snn,nsson,jetson_emulator,300,offload,0.5438541137294628,109.0877,79.1857,79.1857,82.706,34.6752,112.06483125000001,112.06483125000001,254.1381,89.9683
1186,snn,nsson,jetson_emulator,300,offload,0.5322489988956156,109.4152,77.8931,77.8931,81.3763,34.7709,112.06483125000001,112.06483125000001,254.2487,89.891
1187,snn,nsson,jetson_emulator,300,offload,0.5275645309378347,109.6402,79.5414,79.5414,83.6007,34.649,112.06483125000001,112.06483125000001,254.3594,90.0026
1188,snn,nsson,jetson_emulator,300,offload,0.520167377909031,109.3878,79.1451,79.1451,82.4003,34.6782,112.06483125000001,112.06483125000001,254.4701,89.9276
1189,snn,nsson,jetson_emulator,300,local,0.5177699617739594,109.1347,78.7072,109.1347,112.5747,31.6473,112.06483125000001,112.06483125000001,273.998,89.9373
1190,snn,nsson,jetson_emulator,300,offload,0.5148440816495682,109.07,78.1288,78.1288,81.2948,34.7534,112.06483125000001,112.06483125000001,254.6915,89.9194
1191,snn,nsson,jetson_emulator,300,offload,0.5120599041533432,109.5214,78.5625,78.5625,81.0207,34.7213,112.06483125000001,112.06483125000001,254.8021,89.9093
1192,snn,nsson,jetson_emulator,300,local,0.509737655990367,109.5476,78.49,109.5476,113.0536,31.6212,112.06483125000001,112.06483125000001,274.3553,90.0548
1193,snn,nsson,jetson_emulator,300,offload,0.5165536164698292,109.6261,78.7023,78.7023,81.7032,34.711,112.06483125000001,112.06483125000001,255.0235,90.022
1194,snn,nsson,jetson_emulator,300,offload,0.5143261191809938,109.6714,78.1061,78.1061,80.3197,34.7551,112.06483125000001,112.06483125000001,255.1342,89.9337
1195,snn,nsson,jetson_emulator,300,local,0.5223301545061876,109.6797,78.8307,109.6797,112.6698,31.6128,112.06483125000001,112.06483125000001,274.7127,89.9795
1196,snn,nsson,jetson_emulator,300,offload,0.5197239720234345,109.545,78.3726,78.3726,81.93,34.7354,112.06483125000001,112.06483125000001,255.3556,90.0318
1197,snn,nsson,jetson_emulator,300,offload,0.5301353654826779,109.8203,77.9792,77.9792,81.4101,34.7645,112.06483125000001,112.06483125000001,255.4662,89.9864
1198,snn,nsson,jetson_emulator,300,local,0.5209293691291852,109.4848,79.4154,109.4848,113.1308,31.6252,112.06483125000001,112.06483125000001,275.0701,90.0224
1199,snn,nsson,jetson_emulator,300,local,0.5177576377586314,109.5815,78.1972,109.5815,112.9827,31.6191,112.06483125000001,112.06483125000001,275.1892,89.9869
1200,snn,nsson,jetson_emulator,300,offload,0.5133098667880125,109.3204,78.4846,78.4846,81.3261,34.7271,112.06483125000001,112.06483125000001,255.7983,90.0129
